Time stamp,Manual Mode active,Automatic Mode active,Docking Mode active,PLC fault active,PLC warning Active,Safety circuit closed,LED Active,LED RGB Strip left - red,LED RGB Strip right - red,LED RGB Strip left - green,LED RGB Strip right - green,LED RGB Strip left - blue,LED RGB Strip right - blue,LED status - active mode,ActualSpeed_L,ActualSpeed_R,Momentary current consumption mA,Battery cell voltage,Momentary energy consumption mWh,State Of Charge,Total energy consumption uWh,On route status,X-coordinate,Y-coordinate,Heading,Position confidence,Speed,Going to ID,Target reached,Current segment

2025-01-17 07:55:15.826781,0,1,0,0,0,1,1,0,0,0,0,1,1,1,330,329,6220,48825,3080,80,98269.7109375000,1,-3.4937231541,21.7008666992,-1.5532653332,100,0.3297035992,5,0,56
2025-01-17 07:55:16.387334,0,1,0,0,0,1,0,0,0,0,0,0,0,1,301,298,6084,48833,2997,80,98316.8750000000,1,-3.4898085594,21.5567340851,-1.5530670881,100,0.2994984984,5,0,56
2025-01-17 07:55:16.926743,0,1,0,0,0,1,1,0,0,0,0,1,1,1,299,299,6207,48769,3014,80,98361.3359375000,1,-3.4873123169,21.3531093597,-1.5527576208,100,0.2990730703,5,0,56
2025-01-17 07:55:17.456852,0,1,0,0,0,1,0,0,0,0,0,0,0,1,299,299,6120,48833,2986,80,98406.3437500000,1,-3.4848484993,21.2250499725,-1.5521775484,100,0.2990730703,5,0,56
2025-01-17 07:55:18.675200,0,1,0,0,0,1,1,0,0,0,0,1,1,1,295,299,6250,48798,3063,80,98451.4609375000,1,-3.4860308170,21.0881862640,-1.5510559082,100,0.2973713577,5,0,56
2025-01-17 07:55:18.536877,0,1,0,0,0,1,0,0,0,0,0,0,0,1,299,297,6084,48833,2988,80,98495.9843750000,1,-3.4765548706,20.9503459930,-1.5498182774,100,0.2982222140,5,0,56
2025-01-17 07:55:19.967690,0,1,0,0,0,1,1,0,0,0,0,1,1,1,299,299,6188,48829,3043,80,98542.4453125000,1,-3.4724998474,20.7535476685,-1.5519840717,100,0.2990730703,5,0,56
2025-01-17 07:55:19.626781,0,1,0,0,0,1,0,0,0,0,0,0,0,1,298,299,6023,48833,2942,80,98586.7343750000,1,-3.4736387730,20.6177158356,-1.5503160954,100,0.2986476421,5,0,56
2025-01-17 07:55:20.156812,0,1,0,0,0,1,1,0,0,0,0,1,1,1,298,299,6221,48763,3034,80,98630.0156250000,1,-3.4708051682,20.4911937714,-1.5490398407,100,0.2986476421,5,0,56
2025-01-17 07:55:20.706746,0,1,0,0,0,1,0,0,0,0,0,0,0,1,299,298,6117,48833,2974,80,98676.7109375000,1,-3.4634404182,20.2877922058,-1.5490398407,100,0.2986476421,5,0,56
2025-01-17 07:55:21.236787,0,1,0,0,0,1,1,0,0,0,0,1,1,1,298,299,6318,48763,3079,80,98721.2187500000,1,-3.4629473686,20.1522750854,-1.5488078594,100,0.2986476421,5,0,52
2025-01-17 07:55:21.776778,0,1,0,0,0,1,0,0,0,0,0,0,0,1,299,296,6085,48829,2987,80,98766.1484375000,1,-3.4545934200,20.0167846680,-1.5494265556,100,0.2977967858,5,0,52
2025-01-17 07:55:22.307621,0,1,0,0,0,1,1,0,0,0,0,1,1,1,299,299,6270,48763,3058,80,98810.8125000000,1,-3.4504871368,19.8200759888,-1.5518630743,100,0.2990730703,5,0,52
2025-01-17 07:55:22.836786,0,1,0,0,0,1,1,0,0,0,0,1,1,1,299,297,6072,48827,2964,80,98854.6015625000,1,-3.4452030659,19.6819496155,-1.5513553619,99,0.2982222140,5,0,52
2025-01-17 07:55:23.386756,0,1,0,0,0,1,0,0,0,0,0,0,0,1,299,297,6133,48763,3010,80,98900.8359375000,1,-3.4399547577,19.5453147888,-1.5531730652,99,0.2982222140,5,0,52
2025-01-17 07:55:23.916754,0,1,0,0,0,1,1,0,0,0,0,1,1,1,299,299,6146,48763,2985,80,98944.4609375000,1,-3.4402530193,19.4202480316,-1.5532068014,98,0.2990730703,5,0,52
2025-01-17 07:55:24.451271,0,1,0,0,0,1,0,0,0,0,0,0,0,1,295,299,6049,48804,2967,80,98989.0625000000,1,-3.4415354729,19.2185249329,-1.5507702827,99,0.2973713577,5,0,52
2025-01-17 07:55:24.986755,0,1,0,0,0,1,1,0,0,0,0,1,1,1,299,299,6266,48763,3039,80,99033.6328125000,1,-3.4359080791,19.0805721283,-1.5490299463,99,0.2994984984,5,0,52
2025-01-17 07:55:25.516756,0,1,0,0,0,1,0,0,0,0,0,0,0,1,299,299,6107,48763,2963,80,99078.2187500000,1,-3.4327900410,18.9446716309,-1.5491073132,99,0.2994984984,5,0,52
2025-01-17 07:55:26.512760,0,1,0,0,0,1,1,0,0,0,0,1,1,1,299,299,6314,48763,3070,80,99122.1093750000,1,-3.4296722412,18.8087463379,-1.5491073132,98,0.2994984984,5,0,52
2025-01-17 07:55:26.596771,0,1,0,0,0,1,0,0,0,0,0,0,0,1,299,299,6030,48831,2961,80,99168.2890625000,1,-3.4251904488,18.6138401031,-1.5491073132,98,0.2994984984,5,0,52
2025-01-17 07:55:27.126789,0,1,0,0,0,1,1,0,0,0,0,1,1,1,299,297,6223,48763,3037,80,99212.3437500000,1,-3.4194810390,18.4754428864,-1.5494940281,98,0.2982222140,5,0,22
2025-01-17 07:55:27.656765,0,1,0,0,0,1,0,0,0,0,0,0,0,1,299,295,6023,48821,2939,80,99256.8281250000,1,-3.4128749371,18.3493900299,-1.5522012711,98,0.2973713577,5,0,22
2025-01-17 07:55:28.207623,0,1,0,0,0,1,1,0,0,0,0,1,1,1,299,299,6256,48763,3036,80,99302.2500000000,1,-3.4091951847,18.1436347961,-1.5544831753,99,0.2994984984,5,0,26
2025-01-17 07:55:28.736773,0,1,0,0,0,1,0,0,0,0,0,0,0,1,299,299,6107,48765,2951,80,99346.1562500000,1,-3.4068496227,18.0064334869,-1.5543670654,98,0.2990730703,5,0,26
2025-01-17 07:55:29.276802,0,1,0,0,0,1,1,0,0,0,0,1,1,1,299,299,6288,48763,3041,80,99391.2968750000,1,-3.4046022892,17.8796691895,-1.5537869930,98,0.2990730703,5,0,26


2025-01-17 08:01:00.936767,0,1,0,0,0,1,1,0,0,0,0,1,1,1,281,293,6257,48691,3034,80,124334.7812500000,1,-1.9493697882,2.7142243385,1.5698791742,95,0.2867357731,2,0,30
2025-01-17 08:01:01.487327,0,1,0,0,0,1,0,0,0,0,0,0,0,1,299,294,6128,48691,2984,80,124381.1718750000,1,-1.9481517076,2.8390161991,1.5705802441,96,0.2965205312,2,0,30
2025-01-17 08:01:02.267570,0,1,0,0,0,1,1,0,0,0,0,1,1,1,297,299,6272,48652,3054,80,124425.9921875000,1,-1.9478747845,3.0474402905,1.5698068142,96,0.2982222140,2,0,30
2025-01-17 08:01:02.566786,0,1,0,0,0,1,0,0,0,0,0,0,0,1,295,299,6073,48691,2959,80,124471.4921875000,1,-1.9488997459,3.1841375828,1.5697631836,98,0.2973713577,2,0,30
2025-01-17 08:01:03.967440,0,1,0,0,0,1,1,0,0,0,0,1,1,1,292,299,6267,48643,3044,80,124515.5937500000,1,-1.9461264610,3.3203501701,1.5711891651,98,0.2956696749,2,0,30
2025-01-17 08:01:03.627638,0,1,0,0,0,1,0,0,0,0,0,0,0,1,294,299,6114,48691,2968,80,124560.0000000000,1,-1.9543241262,3.5092084408,1.5743505955,99,0.2969459295,2,0,30
2025-01-17 08:01:04.156765,0,1,0,0,0,1,1,0,0,0,0,1,1,1,295,299,6301,48623,3041,80,124603.3906250000,1,-1.9550484419,3.6467192173,1.5775219202,99,0.2973713577,2,0,30
2025-01-17 08:01:04.686781,0,1,0,0,0,1,0,0,0,0,0,0,0,1,294,299,6097,48691,2979,80,124648.4921875000,1,-1.9548501968,3.7825958729,1.5799535513,99,0.2965205312,2,0,30
2025-01-17 08:01:05.216774,0,1,0,0,0,1,1,0,0,0,0,1,1,1,298,299,6295,48621,3071,80,124692.8203125000,1,-1.9588632584,3.9074840546,1.5823127031,100,0.2986476421,2,0,30
2025-01-17 08:01:05.751256,0,1,0,0,0,1,0,0,0,0,0,0,0,1,299,299,6078,48691,2968,80,124736.9218750000,1,-1.9631825686,4.0406160355,1.5829701424,100,0.2994984984,2,0,30
2025-01-17 08:01:06.306771,0,1,0,0,0,1,1,0,0,0,0,1,1,1,298,299,6227,48682,3039,80,124783.9765625000,1,-1.9658982754,4.2467169762,1.5842463970,100,0.2986476421,2,0,30
2025-01-17 08:01:06.836770,0,1,0,0,0,1,1,0,0,0,0,1,1,1,297,299,6023,48691,2934,80,124827.7421875000,1,-1.9679093361,4.3835277557,1.5855613947,100,0.2982222140,2,0,30
2025-01-17 08:01:07.386774,0,1,0,0,0,1,0,0,0,0,0,0,0,1,297,299,6131,48691,3004,80,124874.0156250000,1,-1.9699828625,4.5139269829,1.5869537592,100,0.2982222140,2,0,30
2025-01-17 08:01:07.926770,0,1,0,0,0,1,1,0,0,0,0,1,1,1,299,297,6259,48631,3021,80,124918.4453125000,1,-1.9839202166,4.7195568085,1.5852857828,100,0.2982222140,2,0,30
2025-01-17 08:01:08.456776,0,1,0,0,0,1,0,0,0,0,0,0,0,1,299,297,6111,48691,2959,80,124962.1796875000,1,-1.9856897593,4.8443770409,1.5827331543,100,0.2982222140,2,0,30
2025-01-17 08:01:09.675500,0,1,0,0,0,1,1,0,0,0,0,1,1,1,299,299,6243,48625,3045,80,125008.3906250000,1,-1.9873414040,4.9853100777,1.5822304487,100,0.2990730703,2,0,30
2025-01-17 08:01:09.537635,0,1,0,0,0,1,0,0,0,0,0,0,0,1,298,299,6026,48691,2937,80,125052.7656250000,1,-1.9898227453,5.1797637939,1.5837000608,100,0.2986476421,2,0,30
2025-01-17 08:01:10.967550,0,1,0,0,0,1,1,0,0,0,0,1,1,1,297,299,6198,48637,3006,80,125099.1406250000,1,-1.9917694330,5.3138737679,1.5853244066,100,0.2982222140,2,0,30
2025-01-17 08:01:10.626776,0,1,0,0,0,1,0,0,0,0,0,0,0,1,299,299,6060,48691,2939,80,125143.3359375000,1,-1.9978426695,5.4506826401,1.5865620375,100,0.2986476421,2,0,30
2025-01-17 08:01:11.156799,0,1,0,0,0,1,1,0,0,0,0,1,1,1,299,299,6223,48685,3030,80,125187.7968750000,1,-1.9999129772,5.5812091827,1.5857884884,100,0.2990730703,2,0,30
2025-01-17 08:01:11.696778,0,1,0,0,0,1,0,0,0,0,0,0,0,1,299,299,6150,48637,2963,80,125232.2890625000,1,-2.0033767223,5.7880630493,1.5885344744,100,0.2986476421,2,0,30
2025-01-17 08:01:12.226745,0,1,0,0,0,1,1,0,0,0,0,1,1,1,299,299,6315,48621,3065,80,125276.5703125000,1,-2.0057408810,5.9161634445,1.5882250071,100,0.2994984984,2,0,30
2025-01-17 08:01:12.756755,0,1,0,0,0,1,0,0,0,0,0,0,0,1,299,299,6095,48691,2977,80,125319.6406250000,1,-2.0082542896,6.0519986153,1.5885344744,100,0.2990730703,2,0,30
2025-01-17 08:01:13.287336,0,1,0,0,0,1,1,0,0,0,0,1,1,1,299,299,6270,48621,3049,80,125364.8828125000,1,-2.0133771896,6.1876420975,1.5896996260,100,0.2990730703,2,0,34
2025-01-17 08:01:13.826744,0,1,0,0,0,1,1,0,0,0,0,1,1,1,299,299,6029,48691,2943,80,125409.5234375000,1,-2.0172777176,6.3911247253,1.5884233713,100,0.2994984984,2,0,34
2025-01-17 08:01:14.356782,0,1,0,0,0,1,0,0,0,0,0,0,0,1,299,299,6270,48621,3049,80,125453.3984375000,1,-2.0196535587,6.5154395103,1.5885393620,100,0.2990730703,2,0,34
2025-01-17 08:01:14.886825,0,1,0,0,0,1,1,0,0,0,0,1,1,1,299,295,6175,48625,2971,80,125498.0000000000,1,-2.0249874592,6.6534624100,1.5907150507,100,0.2973713577,2,0,34
2025-01-17 08:01:15.417618,0,1,0,0,0,1,0,0,0,0,0,0,0,1,299,299,6160,48637,2988,80,125542.7812500000,1,-2.0287880898,6.8515024185,1.5883558989,100,0.2990730703,2,0,34
2025-01-17 08:01:15.951331,0,1,0,0,0,1,1,0,0,0,0,1,1,1,296,299,6276,48621,3012,80,125586.5234375000,1,-2.0261528492,6.9882793427,1.5895935297,100,0.2977967858,2,0,34
2025-01-17 08:01:16.496763,0,1,0,0,0,1,0,0,0,0,0,0,0,1,297,299,6134,48691,2999,80,125632.8828125000,1,-2.0290327072,7.1220035553,1.5923393965,100,0.2982222140,2,0,34
2025-01-17 08:01:17.267630,0,1,0,0,0,1,1,0,0,0,0,1,1,1,299,299,6234,48656,3044,80,125676.7890625000,1,-2.0346214771,7.2497978210,1.5935384035,100,0.2986476421,2,0,34
2025-01-17 08:01:17.566759,0,1,0,0,0,1,0,0,0,0,0,0,0,1,299,294,6039,48691,2963,80,125721.9531250000,1,-2.0469751358,7.4510097504,1.5894387960,100,0.2965205312,2,0,34
2025-01-17 08:01:18.967670,0,1,0,0,0,1,1,0,0,0,0,1,1,1,292,299,6189,48647,3031,80,125765.9062500000,1,-2.0494217873,7.5844612122,1.5880851746,100,0.2956696749,2,0,34

2025-01-17 10:52:36.151163,0,1,0,0,0,1,1,0,0,0,0,1,1,1,298,299,6580,43768,2854,58,867797.9375000000,1,-2.3714115620,21.5493144989,-1.5454666615,100,0.2986476421,4,0,208
2025-01-17 10:52:36.686784,0,1,0,0,0,1,0,0,0,0,0,0,0,1,299,298,6390,43783,2784,58,867840.3750000000,1,-2.3651986122,21.4163837433,-1.5461628437,100,0.2986476421,4,0,208
2025-01-17 10:52:37.217183,0,1,0,0,0,1,1,0,0,0,0,1,1,1,299,299,6633,43766,2882,58,867882.1875000000,1,-2.3600525856,21.2103271484,-1.5474390984,100,0.2990730703,4,0,208
2025-01-17 10:52:37.750990,0,1,0,0,0,1,0,0,0,0,0,0,0,1,298,299,6435,43820,2816,59,867923.8125000000,1,-2.3595402241,21.0848941803,-1.5475937128,100,0.2986476421,4,0,208
2025-01-17 10:52:38.296780,0,1,0,0,0,1,1,0,0,0,0,1,1,1,299,299,6557,43766,2900,58,867967.3750000000,1,-2.3561322689,20.9493312836,-1.5465108156,100,0.2990730703,4,0,208
2025-01-17 10:52:38.826776,0,1,0,0,0,1,1,0,0,0,0,1,1,1,299,298,6324,43836,2777,59,868008.8125000000,1,-2.3500549793,20.8124465942,-1.5470522642,100,0.2986476421,4,0,208
2025-01-17 10:52:39.357259,0,1,0,0,0,1,0,0,0,0,0,0,0,1,299,299,6547,43766,2880,58,868050.2500000000,1,-2.3451054096,20.6076984406,-1.5483672619,100,0.2990730703,4,0,208
2025-01-17 10:52:39.896748,0,1,0,0,0,1,1,0,0,0,0,1,1,1,299,297,6474,43768,2793,58,868093.1250000000,1,-2.3393480778,20.4695701599,-1.5495661497,100,0.2982222140,4,0,208
2025-01-17 10:52:40.426752,0,1,0,0,0,1,0,0,0,0,0,0,0,1,299,299,6419,43783,2817,58,868135.5000000000,1,-2.3363986015,20.3366241455,-1.5507264137,100,0.2990730703,4,0,208
2025-01-17 10:52:40.956748,0,1,0,0,0,1,1,0,0,0,0,1,1,1,299,298,6642,43766,2887,58,868177.3125000000,1,-2.3324859142,20.2075595856,-1.5521961451,100,0.2986476421,4,0,208
2025-01-17 10:52:41.487239,0,1,0,0,0,1,0,0,0,0,0,0,0,1,296,299,6415,43768,2801,58,868219.1875000000,1,-2.3335216045,20.0074748993,-1.5492181778,100,0.2977967858,4,0,204
2025-01-17 10:52:42.167880,0,1,0,0,0,1,1,0,0,0,0,1,1,1,299,297,6636,43766,2911,58,868260.6875000000,1,-2.3240139484,19.8758831024,-1.5481739044,100,0.2982222140,4,0,204
2025-01-17 10:52:42.550966,0,1,0,0,0,1,0,0,0,0,0,0,0,1,299,299,6386,43828,2813,59,868302.8750000000,1,-2.3260917664,19.7460117340,-1.5488650799,100,0.2986476421,4,0,204
2025-01-17 10:52:43.867920,0,1,0,0,0,1,1,0,0,0,0,1,1,1,299,299,6551,43766,2894,58,868345.2500000000,1,-2.3229174614,19.6064300537,-1.5483623743,100,0.2990730703,4,0,204
2025-01-17 10:52:43.626758,0,1,0,0,0,1,0,0,0,0,0,0,0,1,299,294,6321,43836,2775,59,868387.9375000000,1,-2.3115673065,19.3980731964,-1.5478932858,99,0.2965205312,4,0,204
2025-01-17 10:52:44.156787,0,1,0,0,0,1,1,0,0,0,0,1,1,1,299,296,6555,43766,2854,58,868428.8125000000,1,-2.3085896969,19.2633972168,-1.5516834259,99,0.2977967858,4,0,204
2025-01-17 10:52:44.686810,0,1,0,0,0,1,0,0,0,0,0,0,0,1,297,299,6340,43783,2759,58,868471.3750000000,1,-2.3112998009,19.1395053864,-1.5521475077,99,0.2982222140,4,0,204
2025-01-17 10:52:45.216782,0,1,0,0,0,1,1,0,0,0,0,1,1,1,294,299,6542,43766,2853,58,868513.0625000000,1,-2.3110454082,19.0033340454,-1.5489374399,98,0.2969459295,4,0,204
2025-01-17 10:52:45.751233,0,1,0,0,0,1,0,0,0,0,0,0,0,1,298,299,6382,43768,2772,58,868554.5625000000,1,-2.3075220585,18.8579349518,-1.5465009212,97,0.2986476421,4,0,204
2025-01-17 10:52:46.296787,0,1,0,0,0,1,1,0,0,0,0,1,1,1,299,299,6596,43766,2896,58,868598.1250000000,1,-2.2995710373,18.6543426514,-1.5458048582,96,0.2990730703,4,0,204

