Time stamp,Manual Mode active,Automatic Mode active,Docking Mode active,PLC fault active,PLC warning Active,Safety circuit closed,LED Active,LED RGB Strip left - red,LED RGB Strip right - red,LED RGB Strip left - green,LED RGB Strip right - green,LED RGB Strip left - blue,LED RGB Strip right - blue,LED status - active mode,ActualSpeed_L,ActualSpeed_R,Momentary current consumption mA,Battery cell voltage,Momentary energy consumption mWh,State Of Charge,Total energy consumption uWh,On route status,X-coordinate,Y-coordinate,Heading,Position confidence,Speed,Going to ID,Target reached,Current segment

2025-01-17 07:56:12.186778,0,1,0,0,0,1,1,0,0,0,0,1,1,1,128,148,5777,48833,2821,80,102812.1640625000,1,-2.4356355667,12.4681673050,-2.2757911682,100,0.1382628083,5,0,252
2025-01-17 07:56:12.716785,0,1,0,0,0,1,1,1,1,1,1,0,0,3,89,150,5924,48831,2893,80,102854.1796875000,1,-2.4694120884,12.4211893082,-2.2433428764,100,0.1195441484,5,0,252
2025-01-17 07:56:13.251347,0,1,0,0,0,1,1,0,0,0,0,1,1,3,72,150,5728,48833,2797,80,102895.8515625000,1,-2.4924876690,12.3810787201,-2.1931042671,96,0.1110356599,5,0,252
2025-01-17 07:56:13.796755,0,1,0,0,0,1,1,1,1,1,1,0,0,3,66,150,5923,48833,2890,80,102939.5468750000,1,-2.5134794712,12.3169612885,-2.0968630314,77,0.1080577001,5,0,252
2025-01-17 07:56:14.326783,0,1,0,0,0,1,1,1,1,1,1,0,0,3,67,150,5728,48833,2797,80,102981.0390625000,1,-2.5384137630,12.2714157104,-2.0259690285,67,0.1084831282,5,0,252
2025-01-17 07:56:14.856797,0,1,0,0,0,1,1,0,0,0,0,1,1,3,71,150,5924,48821,2891,80,103023.7578125000,1,-2.5537774563,12.2302045822,-1.9556282759,67,0.1101848260,5,0,252
2025-01-17 07:56:15.387303,0,1,0,0,0,1,1,1,1,1,1,0,0,3,77,150,5832,48833,2803,80,103064.7265625000,1,-2.5666215420,12.1856632233,-1.8933805227,74,0.1135882065,5,0,252
2025-01-17 07:56:15.926767,0,1,0,0,0,1,1,0,0,0,0,1,1,3,88,150,5778,48833,2825,80,103107.9921875000,1,-2.5997004509,12.1088390350,-1.8097296953,71,0.1191187203,5,0,252
2025-01-17 07:56:16.456786,0,1,0,0,0,1,1,1,1,1,1,0,0,3,99,150,5923,48833,2891,80,103148.6718750000,1,-2.6158058643,12.0552845001,-1.7568253279,75,0.1242238134,5,0,252
2025-01-17 07:56:16.986769,0,1,0,0,0,1,1,0,0,0,0,1,1,3,110,150,5777,48833,2821,80,103191.9375000000,1,-2.6256282330,11.9950799942,-1.7106099129,88,0.1297543198,5,0,252
2025-01-17 07:56:17.517316,0,1,0,0,0,1,1,1,1,1,1,0,0,3,116,150,5974,48765,2913,80,103233.7343750000,1,-2.6317472458,11.9389820099,-1.6804672480,93,0.1327322870,5,0,252
2025-01-17 07:56:18.512950,0,1,0,0,0,1,1,0,0,0,0,1,1,1,124,150,5777,48833,2821,80,103275.0078125000,1,-2.6406209469,11.8473024368,-1.6433243752,96,0.1369865388,5,0,252
2025-01-17 07:56:18.596760,0,1,0,0,0,1,0,0,0,0,0,0,0,1,128,150,5628,48833,2748,80,103317.6875000000,1,-2.6447875500,11.7824583054,-1.6228554249,96,0.1391136497,5,0,252
2025-01-17 07:56:19.126765,0,1,0,0,0,1,1,0,0,0,0,1,1,1,131,150,5777,48833,2821,80,103358.5703125000,1,-2.6449759007,11.7248382568,-1.6074578762,97,0.1403899342,5,0,252
2025-01-17 07:56:19.657601,0,1,0,0,0,1,0,0,0,0,0,0,0,1,134,150,5626,48833,2746,80,103399.8906250000,1,-2.6501026154,11.6325407028,-1.5846635103,96,0.1416661739,5,0,252
2025-01-17 07:56:20.196781,0,1,0,0,0,1,1,0,0,0,0,1,1,1,135,150,5823,48833,2838,80,103441.4765625000,1,-2.6506686211,11.5683288574,-1.5715090036,96,0.1425170302,5,0,252
2025-01-17 07:56:20.726751,0,1,0,0,0,1,0,0,0,0,0,0,0,1,212,222,6010,48763,2919,80,103483.3984375000,1,-2.6501765251,11.4909687042,-1.5583109856,96,0.2169662416,5,0,252


2025-01-17 07:56:36.216781,0,1,0,0,0,1,1,0,0,0,0,1,1,1,146,145,5802,48833,2845,80,104731.0781250000,1,-2.8945782185,8.6506834030,-2.3189969063,97,0.1454949975,5,0,222
2025-01-17 07:56:36.751201,0,1,0,0,0,1,1,1,1,1,1,0,0,3,106,150,5916,48800,2871,80,104771.9218750000,1,-2.9364631176,8.6038055420,-2.3048517704,98,0.1276271939,5,0,222
2025-01-17 07:56:37.286741,0,1,0,0,0,1,1,0,0,0,0,1,1,3,82,150,5728,48833,2797,80,104814.3203125000,1,-2.9614717960,8.5654964447,-2.2656066418,96,0.1157153249,5,0,222
2025-01-17 07:56:37.826757,0,1,0,0,0,1,1,0,0,0,0,1,1,3,72,150,5924,48763,2889,80,104857.3671875000,1,-2.9827072620,8.5161085129,-2.1865551472,86,0.1110356599,5,0,222
2025-01-17 07:56:38.356786,0,1,0,0,0,1,1,1,1,1,1,0,0,3,70,150,5728,48833,2797,80,104897.9921875000,1,-3.0050411224,8.4734582901,-2.1213254929,77,0.1097593978,5,0,222
2025-01-17 07:56:38.886749,0,1,0,0,0,1,1,0,0,0,0,1,1,3,65,150,5799,48833,2862,80,104941.2031250000,1,-3.0233442783,8.4258699417,-2.0585887432,75,0.1072068512,5,0,222
2025-01-17 07:56:39.417330,0,1,0,0,0,1,1,1,1,1,1,0,0,3,69,150,5871,48831,2860,80,104982.4921875000,1,-3.0504906178,8.3849372864,-1.9876561165,71,0.1093339697,5,0,222
2025-01-17 07:56:39.951281,0,1,0,0,0,1,1,0,0,0,0,1,1,3,77,150,5777,48833,2822,80,105024.9218750000,1,-3.0823988914,8.3170223236,-1.8813962936,91,0.1131627858,5,0,222
2025-01-17 07:56:40.486750,0,1,0,0,0,1,1,1,1,1,1,0,0,3,88,150,5924,48798,2889,80,105067.2656250000,1,-3.1042938232,8.2619266510,-1.8192059994,94,0.1186932921,5,0,222
2025-01-17 07:56:41.167710,0,1,0,0,0,1,1,0,0,0,0,1,1,3,98,150,5777,48833,2821,80,105109.6328125000,1,-3.1147387028,8.2091016769,-1.7701057196,95,0.1237983853,5,0,222
2025-01-17 07:56:41.551195,0,1,0,0,0,1,1,1,1,1,1,0,0,3,106,150,5974,48763,2913,80,105151.5078125000,1,-3.1230142117,8.1573572159,-1.7315349579,96,0.1280526221,5,0,222
2025-01-17 07:56:42.872290,0,1,0,0,0,1,1,0,0,0,0,1,1,3,117,150,5777,48833,2821,80,105194.7265625000,1,-3.1318714619,8.0663375854,-1.6827807426,96,0.1335831434,5,0,222
2025-01-17 07:56:42.616769,0,1,0,0,0,1,0,0,0,0,0,0,0,3,123,150,5628,48833,2748,80,105235.8046875000,1,-3.1407265663,8.0004692078,-1.6545668840,98,0.1361356825,5,0,222
2025-01-17 07:56:43.151251,0,1,0,0,0,1,1,0,0,0,0,1,1,1,126,150,5777,48833,2821,80,105276.6953125000,1,-3.1481294632,7.9426293373,-1.6309603453,98,0.1378373802,5,0,222
2025-01-17 07:56:43.686756,0,1,0,0,0,1,0,0,0,0,0,0,0,1,130,150,5625,48852,2742,81,105318.3984375000,1,-3.1464438438,7.8785481453,-1.6154903173,98,0.1399645060,5,0,222
2025-01-17 07:56:44.226764,0,1,0,0,0,1,1,0,0,0,0,1,1,1,134,150,5777,48833,2821,80,105360.2812500000,1,-3.1457216740,7.7865371704,-1.5936291218,98,0.1416661739,5,0,222
2025-01-17 07:56:44.756844,0,1,0,0,0,1,0,0,0,0,0,0,0,1,135,150,5626,48833,2747,80,105400.2265625000,1,-3.1519689560,7.7105426788,-1.5748112202,98,0.1425170302,5,0,222
2025-01-17 07:56:45.296802,0,1,0,0,0,1,1,0,0,0,0,1,1,1,139,150,5777,48833,2821,80,105442.9843750000,1,-3.1480431557,7.6552038193,-1.5658773184,99,0.1442187279,5,0,222
2025-01-17 07:56:45.827323,0,1,0,0,0,1,1,0,0,0,0,1,1,1,145,150,5726,48833,2793,80,105483.7187500000,1,-3.1525123119,7.5888876915,-1.5573589802,100,0.1471967101,5,0,222
2025-01-17 07:56:46.386811,0,1,0,0,0,1,0,0,0,0,0,0,0,1,293,283,6094,48759,3017,80,105529.7187500000,1,-3.1463630199,7.4431519508,-1.5585142374,100,0.2880120575,5,0,222


2025-01-17 08:00:21.350963,0,1,0,0,0,1,0,0,0,0,0,0,0,1,134,150,5777,48763,2818,80,121220.5859375000,1,-4.5122117996,-0.0503250435,0.0146012679,92,0.1416661739,2,0,336
2025-01-17 08:00:21.886762,0,1,0,0,0,1,1,0,0,0,0,1,1,1,122,150,5687,48767,2740,80,121261.7343750000,1,-4.4492807388,-0.0462208465,0.0337840319,91,0.1357102543,2,0,336
2025-01-17 08:00:22.416741,0,1,0,0,0,1,0,0,0,0,0,0,0,1,125,150,5679,48831,2775,80,121303.1796875000,1,-4.3875904083,-0.0434069782,0.0526573919,90,0.1374119669,2,0,336
2025-01-17 08:00:22.951207,0,1,0,0,0,1,1,0,0,0,0,1,1,1,128,150,5799,48763,2806,80,121343.7421875000,1,-4.3410334587,-0.0357809886,0.0664207116,86,0.1391136497,2,0,336
2025-01-17 08:00:23.496781,0,1,0,0,0,1,0,0,0,0,0,0,0,1,131,150,5628,48833,2748,80,121386.7031250000,1,-4.2628278732,-0.0280093681,0.0900173709,82,0.1403899342,2,0,336
2025-01-17 08:00:24.268310,0,1,0,0,0,1,1,0,0,0,0,1,1,1,129,150,5813,48763,2823,80,121427.3984375000,1,-4.2036890984,-0.0227521658,0.1057630256,83,0.1395390779,2,0,336
2025-01-17 08:00:24.556792,0,1,0,0,0,1,0,0,0,0,0,0,0,1,129,150,5603,48833,2748,80,121468.9140625000,1,-4.1385483742,-0.0117300646,0.1227125525,82,0.1395390779,2,0,336
2025-01-17 08:00:25.873330,0,1,0,0,0,1,1,0,0,0,0,1,1,1,128,150,5777,48763,2817,80,121509.3750000000,1,-4.0800342560,-0.0030798826,0.1378731281,82,0.1391136497,2,0,336
2025-01-17 08:00:25.626777,0,1,0,0,0,1,0,0,0,0,0,0,0,1,124,150,5628,48827,2746,80,121551.1562500000,1,-3.9817104340,0.0119714709,0.1684025079,82,0.1369865388,2,0,336
2025-01-17 08:00:26.156839,0,1,0,0,0,1,1,0,0,0,0,1,1,1,123,150,5777,48763,2817,80,121592.3125000000,1,-3.9185311794,0.0235467628,0.1894466281,83,0.1361356825,2,0,336
2025-01-17 08:00:26.696765,0,1,0,0,0,1,0,0,0,0,0,0,0,1,121,150,5603,48833,2748,80,121633.7187500000,1,-3.8729822636,0.0356256068,0.2103747129,82,0.1352848411,2,0,336
2025-01-17 08:00:27.227302,0,1,0,0,0,1,1,0,0,0,0,1,1,3,117,150,5778,48763,2819,80,121674.7578125000,1,-3.8074376583,0.0472829044,0.2378487885,82,0.1335831434,2,0,336
2025-01-17 08:00:27.786762,0,1,0,0,0,1,1,1,1,1,1,0,0,3,113,150,5974,48763,2913,80,121719.5625000000,1,-3.7186913490,0.0716345459,0.2819580138,81,0.1314560175,2,0,336
2025-01-17 08:00:28.316773,0,1,0,0,0,1,1,1,1,1,1,0,0,3,110,150,5777,48763,2817,80,121761.3515625000,1,-3.6640453339,0.0925051272,0.3136426806,82,0.1297543198,2,0,336
2025-01-17 08:00:28.851334,0,1,0,0,0,1,1,0,0,0,0,1,1,3,106,150,5927,48763,2897,80,121803.9531250000,1,-3.6107079983,0.1086390987,0.3491998017,82,0.1276271939,2,0,336
2025-01-17 08:00:29.396764,0,1,0,0,0,1,1,1,1,1,1,0,0,3,100,150,5891,48763,2847,80,121847.1328125000,1,-3.5307056904,0.1432785541,0.4061927497,83,0.1246492341,2,0,336
2025-01-17 08:00:29.926828,0,1,0,0,0,1,1,0,0,0,0,1,1,3,94,150,5781,48763,2823,80,121889.6953125000,1,-3.4814751148,0.1635736525,0.4492577612,86,0.1220966876,2,0,332
2025-01-17 08:00:30.456739,0,1,0,0,0,1,1,1,1,1,1,0,0,3,91,150,5924,48763,2888,80,121931.5859375000,1,-3.4388720989,0.1899145991,0.4964560270,86,0.1203949898,2,0,332
2025-01-17 08:00:30.986773,0,1,0,0,0,1,1,0,0,0,0,1,1,3,83,150,5777,48763,2817,80,121973.6406250000,1,-3.3842864037,0.2182324976,0.5469803214,84,0.1161407530,2,0,332
2025-01-17 08:00:31.526793,0,1,0,0,0,1,1,1,1,1,1,0,0,3,83,150,5924,48763,2889,80,122016.0312500000,1,-3.3353781700,0.2587860525,0.6272218227,77,0.1161407530,2,0,332
2025-01-17 08:00:32.567390,0,1,0,0,0,1,1,0,0,0,0,1,1,3,71,150,5728,48763,2793,80,122057.3984375000,1,-3.2854919434,0.2946448624,0.6883530021,81,0.1106102467,2,0,332
2025-01-17 08:00:32.586751,0,1,0,0,0,1,1,1,1,1,1,0,0,3,66,150,5924,48763,2889,80,122099.7812500000,1,-3.2474586964,0.3226600885,0.7562909126,84,0.1080577001,2,0,332
2025-01-17 08:00:33.117331,0,1,0,0,0,1,1,0,0,0,0,1,1,3,61,150,5728,48763,2793,80,122141.7343750000,1,-3.2125794888,0.3563863039,0.8275935650,80,0.1055051535,2,0,332
2025-01-17 08:00:33.651374,0,1,0,0,0,1,1,1,1,1,1,0,0,3,60,150,5924,48763,2888,80,122183.4609375000,1,-3.1623470783,0.4087280333,0.9381363988,77,0.1046543047,2,0,332
2025-01-17 08:00:34.196775,0,1,0,0,0,1,1,0,0,0,0,1,1,3,53,150,5728,48767,2794,80,122226.8046875000,1,-3.1148500443,0.4434925914,1.0124894381,76,0.1012509093,2,0,332
2025-01-17 08:00:34.726739,0,1,0,0,0,1,1,1,1,1,1,0,0,3,53,150,5924,48763,2889,80,122268.7031250000,1,-3.0975468159,0.4774706960,1.0919623375,79,0.1012509093,2,0,332
2025-01-17 08:00:35.267237,0,1,0,0,0,1,1,0,0,0,0,1,1,3,71,150,5728,48763,2793,80,122311.0546875000,1,-3.0889956951,0.5190063715,1.2019885778,71,0.1106102467,2,0,332
2025-01-17 08:00:35.796817,0,1,0,0,0,1,1,1,1,1,1,0,0,3,66,150,5924,48763,2889,80,122353.2265625000,1,-3.0686607361,0.5717955828,1.2652051449,78,0.1076322719,2,0,332
2025-01-17 08:00:36.326753,0,1,0,0,0,1,1,1,1,1,1,0,0,3,70,150,5728,48763,2793,80,122394.6328125000,1,-3.0572512150,0.6180364490,1.3388421535,81,0.1097593978,2,0,332
2025-01-17 08:00:36.856742,0,1,0,0,0,1,1,0,0,0,0,1,1,3,71,150,5900,48763,2889,80,122436.1250000000,1,-3.0433537960,0.6677755713,1.4018683434,87,0.1101848260,2,0,332
2025-01-17 08:00:37.396767,0,1,0,0,0,1,1,1,1,1,1,0,0,3,79,150,5856,48763,2828,80,122479.0000000000,1,-3.0369708538,0.7398902178,1.4984356165,90,0.1144390553,2,0,332
2025-01-17 08:00:37.926786,0,1,0,0,0,1,1,0,0,0,0,1,1,3,106,150,5803,48763,2844,80,122521.5468750000,1,-3.0345113277,0.7939922810,1.5514183044,92,0.1280526221,2,0,332
2025-01-17 08:00:38.466766,0,1,0,0,0,1,0,0,0,0,0,0,0,1,146,145,5629,48819,2747,80,122563.8671875000,1,-3.0391411781,0.8491016626,1.5675120354,90,0.1454949975,2,0,118

