Time stamp,Manual Mode active,Automatic Mode active,Docking Mode active,PLC fault active,PLC warning Active,Safety circuit closed,LED Active,LED RGB Strip left - red,LED RGB Strip right - red,LED RGB Strip left - green,LED RGB Strip right - green,LED RGB Strip left - blue,LED RGB Strip right - blue,LED status - active mode,ActualSpeed_L,ActualSpeed_R,Momentary current consumption mA,Battery cell voltage,Momentary energy consumption mWh,State Of Charge,Total energy consumption uWh,On route status,X-coordinate,Y-coordinate,Heading,Position confidence,Speed,Going to ID,Target reached,Current segment

2025-01-17 07:55:04.567550,0,1,0,0,0,1,1,0,0,0,0,1,1,2,0,0,5333,49043,2615,81,97348.1093750000,1,-3.5051016808,21.8180046082,1.5923382044,100,0.0000000000,5,0,56
2025-01-17 07:55:04.587229,0,1,0,0,0,1,0,0,0,0,0,0,0,2,69,-70,5702,48907,2777,81,97386.7968750000,1,-3.5090007782,21.8179531097,1.5792086124,99,-0.0004254204,5,0,56
2025-01-17 07:55:05.116765,0,1,0,0,0,1,1,0,0,0,0,1,1,3,99,-100,5728,48934,2804,81,97428.5234375000,1,-3.4921154976,21.8164119720,1.4308942556,99,-0.0004254243,5,0,56
2025-01-17 07:55:05.651197,0,1,0,0,0,1,1,1,1,1,1,0,0,3,99,-100,5875,48903,2873,81,97470.2421875000,1,-3.4999599457,21.8162136078,1.2605342865,99,-0.0004254243,5,0,56
2025-01-17 07:55:06.176778,0,1,0,0,0,1,1,0,0,0,0,1,1,3,99,-100,5728,48905,2802,81,97511.9375000000,1,-3.5000374317,21.8160247803,1.0919196606,99,-0.0004254243,5,0,56
2025-01-17 07:55:06.716781,0,1,0,0,0,1,1,1,1,1,1,0,0,3,99,-100,5875,48903,2873,81,97554.5390625000,1,-3.5015013218,21.8170814514,0.8514996171,99,-0.0004254243,5,0,56
2025-01-17 07:55:07.251261,0,1,0,0,0,1,1,0,0,0,0,1,1,3,99,-100,5687,48903,2788,81,97596.0078125000,1,-3.5029473305,21.8169403076,0.6828849316,98,-0.0004254243,5,0,56
2025-01-17 07:55:07.786788,0,1,0,0,0,1,1,1,1,1,1,0,0,3,99,-100,5875,48889,2871,81,97638.7343750000,1,-3.5018150806,21.8168239594,0.5160155892,97,-0.0004254243,5,0,56
2025-01-17 07:55:08.317329,0,1,0,0,0,1,1,1,1,1,1,0,0,3,99,-100,5679,48905,2780,81,97680.0390625000,1,-3.5058879852,21.8154411316,0.3581575453,97,-0.0004254243,5,0,56
2025-01-17 07:55:08.856753,0,1,0,0,0,1,1,0,0,0,0,1,1,3,99,-100,5900,48903,2873,81,97722.1484375000,1,-3.5087850094,21.8140697479,0.1034902334,98,-0.0004254243,5,0,56
2025-01-17 07:55:09.386756,0,1,0,0,0,1,1,1,1,1,1,0,0,3,99,-100,5807,48903,2806,81,97764.2500000000,1,-3.5128889084,21.8166656494,-0.0651244149,98,-0.0004254243,5,0,56
2025-01-17 07:55:09.916773,0,1,0,0,0,1,1,0,0,0,0,1,1,3,99,-100,5736,48903,2826,81,97806.5000000000,1,-3.5091784000,21.8218917847,-0.2229824960,98,-0.0004254243,5,0,56
2025-01-17 07:55:10.451595,0,1,0,0,0,1,1,1,1,1,1,0,0,3,99,-100,5874,48849,2869,81,97847.7734375000,1,-3.5067732334,21.8206520081,-0.3898518085,98,-0.0004254243,5,0,56
2025-01-17 07:55:10.996788,0,1,0,0,0,1,1,0,0,0,0,1,1,3,99,-100,5705,48903,2780,81,97891.4375000000,1,-3.5070400238,21.8156013489,-0.6410284638,99,-0.0004254243,5,0,56
2025-01-17 07:55:11.526750,0,1,0,0,0,1,1,1,1,1,1,0,0,3,99,-100,5875,48868,2873,81,97932.8281250000,1,-3.5045936108,21.8131351471,-0.8078978062,100,-0.0004254243,5,0,56
2025-01-17 07:55:12.867500,0,1,0,0,0,1,1,0,0,0,0,1,1,3,90,-91,5677,48903,2776,81,97977.0156250000,1,-3.5086226463,21.8132934570,-0.9704355597,100,-0.0004254243,5,0,56
2025-01-17 07:55:12.617164,0,1,0,0,0,1,1,1,1,1,1,0,0,3,70,-71,5826,48903,2849,81,98018.3203125000,1,-3.5036189556,21.8110504150,-1.1760432720,100,-0.0004254282,5,0,56
2025-01-17 07:55:13.151310,0,1,0,0,0,1,1,0,0,0,0,1,1,3,59,-60,5628,48903,2752,81,98059.6406250000,1,-3.5063092709,21.8152027130,-1.2856152058,100,-0.0008508466,5,0,56
2025-01-17 07:55:13.686757,0,1,0,0,0,1,1,1,1,1,1,0,0,3,50,-51,5780,48903,2834,81,98101.5859375000,1,-3.5063667297,21.8128376007,-1.3789000511,100,-0.0004254243,5,0,56
2025-01-17 07:55:14.216772,0,1,0,0,0,1,1,0,0,0,0,1,1,3,48,-49,5628,48903,2752,81,98142.5390625000,1,-3.5051004887,21.8104534149,-1.4582183361,100,-0.0004254223,5,0,56
2025-01-17 07:55:14.751311,0,1,0,0,0,1,1,1,1,1,1,0,0,3,27,-28,5728,48903,2801,81,98183.6406250000,1,-3.5051157475,21.8106555939,-1.5389298201,100,-0.0004254252,5,0,56


2025-01-17 07:58:27.875360,0,1,0,0,0,1,1,0,0,0,0,1,1,2,0,0,5333,48973,2612,81,112612.5546875000,1,-5.6177396774,1.6355754137,3.1392464638,100,0.0000000000,6,0,248
2025-01-17 07:58:27.616779,0,1,0,0,0,1,1,1,1,1,1,0,0,3,86,-87,5752,48852,2801,81,112652.1093750000,1,-5.6150250435,1.6355737448,3.1022882462,100,-0.0004254243,6,0,248
2025-01-17 07:58:28.150969,0,1,0,0,0,1,1,0,0,0,0,1,1,3,99,-100,5728,48903,2801,81,112693.9218750000,1,-5.6148095131,1.6355504990,2.9548149109,100,-0.0004254243,6,0,248
2025-01-17 07:58:28.687299,0,1,0,0,0,1,1,1,1,1,1,0,0,3,99,-100,5875,48833,2869,80,112736.4453125000,1,-5.6146125793,1.6328970194,2.7858512402,100,-0.0004254243,6,0,248
2025-01-17 07:58:29.226753,0,1,0,0,0,1,1,0,0,0,0,1,1,3,99,-100,5722,48903,2787,81,112778.7578125000,1,-5.6143412590,1.6327571869,2.5350234509,100,-0.0004254243,6,0,248
2025-01-17 07:58:29.756811,0,1,0,0,0,1,1,1,1,1,1,0,0,3,99,-100,5914,48833,2879,80,112820.9687500000,1,-5.6141829491,1.6365282536,2.3681542873,100,-0.0004254243,6,0,248
2025-01-17 07:58:30.306774,0,1,0,0,0,1,1,0,0,0,0,1,1,3,99,-100,5709,48847,2789,81,112863.6562500000,1,-5.6075558662,1.6378885508,2.2176146507,98,-0.0004254243,6,0,248
2025-01-17 07:58:30.836888,0,1,0,0,0,1,1,0,0,0,0,1,1,3,99,-100,5897,48833,2889,80,112905.6640625000,1,-5.5983448029,1.6403174400,2.0545849800,86,-0.0004254243,6,0,248
2025-01-17 07:58:31.386736,0,1,0,0,0,1,1,1,1,1,1,0,0,3,99,-100,5807,48835,2809,81,112948.5468750000,1,-5.6052017212,1.6347560883,1.8006157875,80,-0.0004254243,6,0,248
2025-01-17 07:58:31.916799,0,1,0,0,0,1,1,0,0,0,0,1,1,3,99,-100,5738,48833,2812,80,112990.8046875000,1,-5.6064734459,1.6345670223,1.6287951469,94,-0.0004254243,6,0,248
2025-01-17 07:58:32.451232,0,1,0,0,0,1,1,1,1,1,1,0,0,3,99,-100,5874,48833,2867,80,113032.0546875000,1,-5.6090774536,1.6317631006,1.4619258642,98,-0.0004254243,6,0,248
2025-01-17 07:58:33.676400,0,1,0,0,0,1,1,0,0,0,0,1,1,3,99,-100,5728,48833,2797,80,113076.4765625000,1,-5.6117467880,1.6314656734,1.2072584629,100,-0.0004254243,6,0,248
2025-01-17 07:58:33.536777,0,1,0,0,0,1,1,1,1,1,1,0,0,3,99,-100,5875,48833,2869,80,113117.8125000000,1,-5.6105275154,1.6312922239,1.0511457920,100,-0.0004254243,6,0,248
2025-01-17 07:58:34.867930,0,1,0,0,0,1,1,0,0,0,0,1,1,3,99,-100,5728,48868,2797,81,113161.2656250000,1,-5.6080508232,1.6337139606,0.8700292110,100,-0.0004254243,6,0,248
2025-01-17 07:58:34.617334,0,1,0,0,0,1,1,1,1,1,1,0,0,3,99,-100,5875,48833,2869,80,113202.8515625000,1,-5.6068940163,1.6335687637,0.7014145255,100,-0.0004254243,6,0,248
2025-01-17 07:58:35.156794,0,1,0,0,0,1,1,0,0,0,0,1,1,3,80,-81,5677,48837,2773,81,113244.4375000000,1,-5.6046309471,1.6333390474,0.4678300023,98,-0.0004254243,6,0,248
2025-01-17 07:58:35.706737,0,1,0,0,0,1,1,1,1,1,1,0,0,3,67,-68,5826,48833,2845,80,113288.1718750000,1,-5.6048297882,1.6332532167,0.3435952961,98,-0.0004254243,6,0,248
2025-01-17 07:58:36.236802,0,1,0,0,0,1,1,0,0,0,0,1,1,1,57,-58,5628,48839,2749,81,113329.1796875000,1,-5.6024494171,1.6357858181,0.2412892729,96,-0.0004254243,6,0,248
2025-01-17 07:58:36.777190,0,1,0,0,0,1,1,1,1,1,1,0,0,3,48,-49,5802,48833,2822,80,113371.2890625000,1,-5.6028132439,1.6357203722,0.1093532965,96,-0.0004254223,6,0,248
2025-01-17 07:58:37.306790,0,1,0,0,0,1,1,0,0,0,0,1,1,3,48,-49,5628,48887,2749,81,113412.0703125000,1,-5.6030044556,1.6357063055,0.0321671143,94,-0.0004254223,6,0,248
2025-01-17 07:58:37.836792,0,1,0,0,0,1,1,0,0,0,0,1,1,2,0,0,5571,48903,2718,81,113452.0468750000,1,-5.5978679657,1.6370048523,-0.0042993557,91,0.0000000000,6,0,248

2025-01-17 07:59:56.216778,0,1,0,0,0,1,1,0,0,0,0,1,1,2,0,0,5340,48903,2615,81,119244.7656250000,1,-5.5660610199,-1.0022190809,-1.6733341217,100,0.0000000000,2,0,240
2025-01-17 07:59:56.751664,0,1,0,0,0,1,1,1,1,1,1,0,0,3,-94,94,5916,48833,2875,80,119284.8046875000,1,-5.5660691261,-1.0023336411,-1.6058464050,100,0.0004254243,2,0,240
2025-01-17 07:59:57.286757,0,1,0,0,0,1,1,0,0,0,0,1,1,3,-99,100,5728,48833,2797,80,119327.1562500000,1,-5.5764627457,-1.0064758062,-1.4630973339,97,0.0004254243,2,0,240
2025-01-17 07:59:57.816778,0,1,0,0,0,1,1,0,0,0,0,1,1,3,-99,100,5903,48833,2874,80,119369.1718750000,1,-5.5842270851,-0.9962766171,-1.3063508272,87,0.0004254243,2,0,240
2025-01-17 07:59:58.351282,0,1,0,0,0,1,1,1,1,1,1,0,0,3,-99,100,5728,48833,2797,80,119410.5390625000,1,-5.5958580971,-0.9977686405,-1.1349437237,85,0.0004254243,2,0,240
2025-01-17 07:59:58.887439,0,1,0,0,0,1,1,0,0,0,0,1,1,3,-99,100,5797,48829,2866,80,119453.6406250000,1,-5.6021938324,-1.0045262575,-0.8663137555,93,0.0004254243,2,0,240
2025-01-17 07:59:59.416758,0,1,0,0,0,1,1,1,1,1,1,0,0,3,-99,100,5867,48779,2853,80,119494.8984375000,1,-5.5903482437,-1.0098687410,-0.6676794291,95,0.0004254243,2,0,240
2025-01-17 07:59:59.951225,0,1,0,0,0,1,1,0,0,0,0,1,1,3,-99,100,5729,48833,2802,80,119537.1250000000,1,-5.6174898148,-1.0086756945,-0.5080760121,96,0.0004254243,2,0,240
2025-01-17 08:00:00.486763,0,1,0,0,0,1,1,1,1,1,1,0,0,3,-99,100,5900,48831,2869,80,119579.2343750000,1,-5.6004042625,-1.0152604580,-0.3359706998,95,0.0004254243,2,0,240
2025-01-17 08:00:01.176260,0,1,0,0,0,1,1,0,0,0,0,1,1,3,-99,100,5703,48833,2797,80,119621.2968750000,1,-5.6068658829,-1.0504267216,-0.0830982253,74,0.0004254243,2,0,240
2025-01-17 08:00:01.551221,0,1,0,0,0,1,1,1,1,1,1,0,0,3,-99,100,5877,48763,2870,80,119662.7265625000,1,-5.6159405708,-1.0693774223,0.0852583721,50,0.0004254243,2,0,240
2025-01-17 08:00:02.867680,0,1,0,0,0,1,1,0,0,0,0,1,1,3,-99,100,5728,48833,2797,80,119705.4296875000,1,-5.6147255898,-1.0726552010,0.2561091781,45,0.0004254243,2,0,240
2025-01-17 08:00:02.616771,0,1,0,0,0,1,1,1,1,1,1,0,0,3,-99,100,5875,48767,2866,80,119747.0234375000,1,-5.6174893379,-1.0725933313,0.4134076834,46,0.0004254243,2,0,240
2025-01-17 08:00:03.150959,0,1,0,0,0,1,1,0,0,0,0,1,1,3,-99,100,5728,48833,2797,80,119788.8593750000,1,-5.6142988205,-1.0748314857,0.5842179060,47,0.0004254243,2,0,240
2025-01-17 08:00:03.686782,0,1,0,0,0,1,1,1,1,1,1,0,0,3,-94,94,5875,48767,2865,80,119831.3515625000,1,-5.5991015434,-1.0720430613,0.8314432502,60,0.0004254243,2,0,240
2025-01-17 08:00:04.216760,0,1,0,0,0,1,1,0,0,0,0,1,1,3,-79,80,5677,48833,2772,80,119872.7109375000,1,-5.5949215889,-1.0718731880,0.9808741212,72,0.0004254243,2,0,240
2025-01-17 08:00:04.751276,0,1,0,0,0,1,1,1,1,1,1,0,0,3,-67,68,5826,48833,2845,80,119914.2187500000,1,-5.5792121887,-1.0742861032,1.1014059782,82,0.0004254243,2,0,240
2025-01-17 08:00:05.296778,0,1,0,0,0,1,1,0,0,0,0,1,1,3,-52,53,5628,48833,2748,80,119956.6640625000,1,-5.5842657089,-1.0765327215,1.2536561489,89,0.0004254223,2,0,240
2025-01-17 08:00:05.826758,0,1,0,0,0,1,1,0,0,0,0,1,1,3,-48,49,5826,48833,2845,80,119998.2031250000,1,-5.5854988098,-1.0749996901,1.3382341862,89,0.0004254223,2,0,240
2025-01-17 08:00:06.356791,0,1,0,0,0,1,1,1,1,1,1,0,0,3,-48,49,5579,48833,2725,80,120038.0625000000,1,-5.5867595673,-1.0773993731,1.4216133356,90,0.0004254223,2,0,240

