Time stamp,Manual Mode active,Automatic Mode active,Docking Mode active,PLC fault active,PLC warning Active,Safety circuit closed,LED Active,LED RGB Strip left - red,LED RGB Strip right - red,LED RGB Strip left - green,LED RGB Strip right - green,LED RGB Strip left - blue,LED RGB Strip right - blue,LED status - active mode,ActualSpeed_L,ActualSpeed_R,Momentary current consumption mA,Battery cell voltage,Momentary energy consumption mWh,State Of Charge,Total energy consumption uWh,On route status,X-coordinate,Y-coordinate,Heading,Position confidence,Speed,Going to ID,Target reached,Current segment

2025-01-17 10:51:23.551612,0,1,0,0,0,1,1,0,0,0,0,1,1,2,0,0,4740,44119,2091,60,863354.0625000000,1,-2.3785781860,21.8449974060,1.5890522003,98,0.0000000000,2,1,210
2025-01-17 10:51:24.967850,0,1,0,0,0,1,1,0,0,0,0,1,1,2,0,0,4754,44119,2100,60,863386.0625000000,1,-2.3785781860,21.8449974060,1.5890522003,98,0.0000000000,2,1,210
2025-01-17 10:51:24.626829,0,1,0,0,0,1,1,0,0,0,0,1,1,2,0,0,4764,44119,2111,60,863417.0000000000,1,-2.3785781860,21.8449974060,1.5890522003,98,0.0000000000,2,1,210
2025-01-17 10:51:25.156823,0,1,0,0,0,1,1,0,0,0,0,1,1,2,0,0,4789,44119,2112,60,863448.1875000000,1,-2.3811781406,21.8475971222,1.5890522003,99,0.0000000000,2,1,210
2025-01-17 10:51:25.707624,0,1,0,0,0,1,1,0,0,0,0,1,1,2,0,0,4750,44139,2105,60,863480.1875000000,1,-2.3811781406,21.8449974060,1.5890522003,99,0.0000000000,2,1,210
2025-01-17 10:51:26.236767,0,1,0,0,0,1,1,0,0,0,0,1,1,2,0,0,4784,44119,2103,60,863511.1875000000,1,-2.3798780441,21.8449974060,1.5890522003,98,0.0000000000,2,1,210
2025-01-17 10:51:26.776778,0,1,0,0,0,1,1,0,0,0,0,1,1,2,0,0,4770,44131,2112,60,863542.8125000000,1,-2.3798780441,21.8449974060,1.5890522003,98,0.0000000000,2,1,210
2025-01-17 10:51:27.306783,0,1,0,0,0,1,1,0,0,0,0,1,1,2,0,0,4789,44119,2112,60,863573.8125000000,1,-2.3798780441,21.8449974060,1.5890522003,98,0.0000000000,2,1,210
2025-01-17 10:51:27.851239,0,1,0,0,0,1,1,0,0,0,0,1,1,2,0,0,4764,44119,2113,60,863605.5000000000,1,-2.3798780441,21.8449974060,1.5890522003,99,0.0000000000,2,1,210
2025-01-17 10:51:28.386771,0,1,0,0,0,1,1,0,0,0,0,1,1,2,0,0,4789,44119,2112,60,863637.1250000000,1,-2.3798780441,21.8449974060,1.5890522003,99,0.0000000000,2,1,210
2025-01-17 10:51:28.916775,0,1,0,0,0,1,1,0,0,0,0,1,1,2,0,0,4789,44121,2112,60,863668.2500000000,1,-2.3798780441,21.8449974060,1.5890522003,99,0.0000000000,2,1,210
2025-01-17 10:51:29.451202,0,1,0,0,0,1,1,0,0,0,0,1,1,2,0,0,4789,44133,2116,60,863699.2500000000,1,-2.3798780441,21.8449974060,1.5890522003,99,0.0000000000,2,1,210
2025-01-17 10:51:29.987214,0,1,0,0,0,1,1,0,0,0,0,1,1,2,0,0,4767,44160,2100,60,863730.9375000000,1,-2.3798780441,21.8449974060,1.5890522003,99,0.0000000000,2,1,210
2025-01-17 10:51:30.516779,0,1,0,0,0,1,1,0,0,0,0,1,1,2,0,0,4789,44127,2115,60,863761.9375000000,1,-2.3798780441,21.8449974060,1.5890522003,99,0.0000000000,2,1,210
2025-01-17 10:51:31.512850,0,1,0,0,0,1,1,0,0,0,0,1,1,2,0,0,4750,44189,2112,60,863793.0625000000,1,-2.3798780441,21.8449974060,1.5890522003,99,0.0000000000,2,1,210
2025-01-17 10:51:31.586751,0,1,0,0,0,1,1,0,0,0,0,1,1,2,0,0,4740,44189,2095,60,863824.5625000000,1,-2.3798780441,21.8449974060,1.5890522003,98,0.0000000000,2,1,210
2025-01-17 10:51:32.117341,0,1,0,0,0,1,1,0,0,0,0,1,1,2,0,0,4740,44154,2094,60,863855.3750000000,1,-2.3798780441,21.8449974060,1.5890522003,99,0.0000000000,2,1,210
2025-01-17 10:51:32.656815,0,1,0,0,0,1,1,0,0,0,0,1,1,2,0,0,4740,44189,2094,60,863887.0625000000,1,-2.3798780441,21.8436985016,1.5890522003,99,0.0000000000,2,1,210
2025-01-17 10:51:33.196768,0,1,0,0,0,1,1,0,0,0,0,1,1,2,0,0,4789,44135,2116,60,863918.3125000000,1,-2.3798780441,21.8436985016,1.5890522003,99,0.0000000000,2,1,210
2025-01-17 10:51:33.726850,0,1,0,0,0,1,1,0,0,0,0,1,1,2,0,0,4745,44189,2102,60,863949.3125000000,1,-2.3798780441,21.8449974060,1.5890522003,99,0.0000000000,2,1,210
2025-01-17 10:51:34.287160,0,1,0,0,0,1,1,0,0,0,0,1,1,2,0,0,4780,44158,2097,60,863982.0625000000,1,-2.3798780441,21.8449974060,1.5890522003,99,0.0000000000,2,1,210
2025-01-17 10:51:34.816749,0,1,0,0,0,1,1,0,0,0,0,1,1,2,0,0,4740,44189,2094,60,864013.0625000000,1,-2.3798780441,21.8449974060,1.5890522003,99,0.0000000000,2,1,210
2025-01-17 10:51:35.351273,0,1,0,0,0,1,1,0,0,0,0,1,1,2,0,0,4789,44189,2116,60,864044.1250000000,1,-2.3798780441,21.8423976898,1.5890522003,98,0.0000000000,2,1,210
2025-01-17 10:51:35.886778,0,1,0,0,0,1,1,0,0,0,0,1,1,2,0,0,4742,44162,2098,60,864075.8125000000,1,-2.3798780441,21.8423976898,1.5890522003,99,0.0000000000,2,1,210
2025-01-17 10:51:36.416962,0,1,0,0,0,1,1,0,0,0,0,1,1,2,0,0,4745,44176,2101,60,864106.8750000000,1,-2.3798780441,21.8449974060,1.5890522003,99,0.0000000000,2,1,210
2025-01-17 10:51:36.951262,0,1,0,0,0,1,1,0,0,0,0,1,1,2,0,0,4753,44189,2094,60,864137.7500000000,1,-2.3798780441,21.8449974060,1.5890522003,99,0.0000000000,2,1,210
2025-01-17 10:51:37.486770,0,1,0,0,0,1,1,0,0,0,0,1,1,2,0,0,4741,44189,2099,60,864169.3125000000,1,-2.3798780441,21.8449974060,1.5890522003,99,0.0000000000,2,1,210
2025-01-17 10:51:38.167280,0,1,0,0,0,1,1,0,0,0,0,1,1,2,0,0,4769,44189,2101,60,864200.2500000000,1,-2.3798780441,21.8449974060,1.5890522003,98,0.0000000000,2,1,210
2025-01-17 10:51:38.550994,0,1,0,0,0,1,1,0,0,0,0,1,1,2,0,0,4754,44189,2101,60,864231.1875000000,1,-2.3798780441,21.8462982178,1.5890522003,99,0.0000000000,2,1,210
2025-01-17 10:51:39.867840,0,1,0,0,0,1,1,0,0,0,0,1,1,2,0,0,4745,44189,2111,60,864262.8125000000,1,-2.3798780441,21.8462982178,1.5890522003,99,0.0000000000,2,1,210
2025-01-17 10:51:39.616791,0,1,0,0,0,1,1,0,0,0,0,1,1,2,0,0,4789,44189,2116,60,864293.8750000000,1,-2.3798780441,21.8462982178,1.5890522003,99,0.0000000000,2,1,210
2025-01-17 10:51:40.151184,0,1,0,0,0,1,1,0,0,0,0,1,1,2,0,0,4783,44182,2099,60,864324.9375000000,1,-2.3798780441,21.8462982178,1.5890522003,99,0.0000000000,2,1,210
2025-01-17 10:51:40.706813,0,1,0,0,0,1,1,0,0,0,0,1,1,2,0,0,4789,44189,2116,60,864357.8125000000,1,-2.3798780441,21.8462982178,1.5890522003,99,0.0000000000,2,1,210
2025-01-17 10:51:41.236785,0,1,0,0,0,1,1,0,0,0,0,1,1,2,0,0,4751,44189,2116,60,864388.8750000000,1,-2.3798780441,21.8462982178,1.5890522003,99,0.0000000000,2,1,210
2025-01-17 10:51:41.786784,0,1,0,0,0,1,1,0,0,0,0,1,1,2,0,0,4789,44182,2115,60,864421.1875000000,1,-2.3798780441,21.8449974060,1.5890522003,99,0.0000000000,2,1,210
2025-01-17 10:51:42.316997,0,1,0,0,0,1,1,0,0,0,0,1,1,2,0,0,4786,44189,2109,60,864452.2500000000,1,-2.3798780441,21.8449974060,1.5890522003,99,0.0000000000,2,1,210
2025-01-17 10:51:42.851257,0,1,0,0,0,1,1,0,0,0,0,1,1,2,0,0,4789,44189,2114,60,864483.3750000000,1,-2.3798780441,21.8449974060,1.5890522003,98,0.0000000000,2,1,210
2025-01-17 10:51:43.386800,0,1,0,0,0,1,1,0,0,0,0,1,1,2,0,0,4751,44189,2111,60,864515.0625000000,1,-2.3798780441,21.8449974060,1.5890522003,99,0.0000000000,2,1,210
2025-01-17 10:51:43.916786,0,1,0,0,0,1,1,0,0,0,0,1,1,2,0,0,4742,44189,2102,60,864546.0625000000,1,-2.3798780441,21.8449974060,1.5890522003,99,0.0000000000,2,1,210
2025-01-17 10:51:44.450989,0,1,0,0,0,1,1,0,0,0,0,1,1,2,0,0,4787,44189,2112,60,864577.1250000000,1,-2.3798780441,21.8449974060,1.5890522003,99,0.0000000000,2,1,210
2025-01-17 10:51:44.996762,0,1,0,0,0,1,1,0,0,0,0,1,1,2,0,0,4741,44189,2096,60,864609.3125000000,1,-2.3798780441,21.8449974060,1.5890522003,99,0.0000000000,2,1,210
2025-01-17 10:51:45.526826,0,1,0,0,0,1,1,0,0,0,0,1,1,2,0,0,4744,44189,2099,60,864640.3750000000,1,-2.3798780441,21.8449974060,1.5890522003,99,0.0000000000,2,1,210
2025-01-17 10:51:46.667870,0,1,0,0,0,1,1,0,0,0,0,1,1,2,0,0,4764,44189,2095,60,864672.0000000000,1,-2.3798780441,21.8449974060,1.5890522003,99,0.0000000000,2,1,210
2025-01-17 10:51:46.606805,0,1,0,0,0,1,1,0,0,0,0,1,1,2,0,0,4789,44189,2116,60,864703.7500000000,1,-2.3798780441,21.8475971222,1.5890522003,99,0.0000000000,2,1,210
2025-01-17 10:51:47.136768,0,1,0,0,0,1,1,0,0,0,0,1,1,2,0,0,4787,44189,2115,60,864734.8125000000,1,-2.3798780441,21.8449974060,1.5890522003,99,0.0000000000,2,1,210
2025-01-17 10:51:47.686784,0,1,0,0,0,1,1,0,0,0,0,1,1,2,0,0,4789,44189,2116,60,864767.0625000000,1,-2.3798780441,21.8475971222,1.5890522003,99,0.0000000000,2,1,210
2025-01-17 10:51:48.217213,0,1,0,0,0,1,1,0,0,0,0,1,1,2,0,0,4780,44189,2099,60,864798.1250000000,1,-2.3798780441,21.8449974060,1.5890522003,99,0.0000000000,2,1,210
2025-01-17 10:51:48.751190,0,1,0,0,0,1,1,0,0,0,0,1,1,2,0,0,4741,44189,2098,60,864829.1250000000,1,-2.3798780441,21.8475971222,1.5890522003,99,0.0000000000,2,1,210
2025-01-17 10:51:49.286741,0,1,0,0,0,1,1,0,0,0,0,1,1,2,0,0,4783,44189,2103,60,864860.7500000000,1,-2.3798780441,21.8449974060,1.5890522003,98,0.0000000000,2,1,210
2025-01-17 10:51:49.816768,0,1,0,0,0,1,1,0,0,0,0,1,1,2,0,0,4787,44189,2114,60,864891.6875000000,1,-2.3798780441,21.8449974060,1.5890522003,99,0.0000000000,2,1,210
2025-01-17 10:51:50.350940,0,1,0,0,0,1,1,0,0,0,0,1,1,2,0,0,4742,44189,2098,60,864922.7500000000,1,-2.3798780441,21.8449974060,1.5890522003,98,0.0000000000,2,1,210
2025-01-17 10:51:50.906783,0,1,0,0,0,1,1,0,0,0,0,1,1,2,0,0,4787,44189,2114,60,864955.5625000000,1,-2.3798780441,21.8475971222,1.5890522003,99,0.0000000000,2,1,210
2025-01-17 10:51:51.436749,0,1,0,0,0,1,1,0,0,0,0,1,1,2,0,0,4766,44189,2096,60,864986.6250000000,1,-2.3798780441,21.8449974060,1.5890522003,99,0.0000000000,2,1,210
2025-01-17 10:51:51.987335,0,1,0,0,0,1,1,0,0,0,0,1,1,2,0,0,4789,44189,2116,60,865018.8125000000,1,-2.3798780441,21.8449974060,1.5890522003,99,0.0000000000,2,1,210
2025-01-17 10:51:52.526755,0,1,0,0,0,1,1,0,0,0,0,1,1,2,0,0,4789,44189,2116,60,865050.5000000000,1,-2.3798780441,21.8449974060,1.5890522003,99,0.0000000000,2,1,210
2025-01-17 10:51:53.567960,0,1,0,0,0,1,1,0,0,0,0,1,1,2,0,0,4789,44189,2116,60,865081.0000000000,1,-2.3798780441,21.8449974060,1.5890522003,99,0.0000000000,2,1,210
2025-01-17 10:51:53.606776,0,1,0,0,0,1,1,0,0,0,0,1,1,2,0,0,4789,44189,2116,60,865113.9375000000,1,-2.3798780441,21.8449974060,1.5890522003,99,0.0000000000,2,1,210
2025-01-17 10:51:54.136904,0,1,0,0,0,1,1,0,0,0,0,1,1,2,0,0,4789,44189,2116,60,865145.0000000000,1,-2.3798780441,21.8449974060,1.5890522003,99,0.0000000000,2,1,210
2025-01-17 10:51:54.686777,0,1,0,0,0,1,1,0,0,0,0,1,1,2,0,0,4777,44189,2101,60,865177.2500000000,1,-2.3798780441,21.8449974060,1.5890522003,99,0.0000000000,2,1,210
2025-01-17 10:51:55.216801,0,1,0,0,0,1,1,0,0,0,0,1,1,2,0,0,4789,44189,2116,60,865208.2500000000,1,-2.3798780441,21.8475971222,1.5890522003,99,0.0000000000,2,1,210
2025-01-17 10:51:55.751263,0,1,0,0,0,1,1,0,0,0,0,1,1,2,0,0,4761,44189,2111,60,865239.3125000000,1,-2.3798780441,21.8449974060,1.5890522003,99,0.0000000000,2,1,210
2025-01-17 10:51:56.316729,0,1,0,0,0,1,1,0,0,0,0,1,1,2,0,0,4741,44189,2096,60,865272.5625000000,1,-2.3798780441,21.8462982178,1.5890522003,99,0.0000000000,2,1,210
2025-01-17 10:51:56.851287,0,1,0,0,0,1,1,0,0,0,0,1,1,2,0,0,4779,44189,2098,60,865303.4375000000,1,-2.3798780441,21.8462982178,1.5890522003,99,0.0000000000,2,1,210
2025-01-17 10:51:57.386779,0,1,0,0,0,1,1,0,0,0,0,1,1,2,0,0,4764,44189,2094,60,865335.0625000000,1,-2.3798780441,21.8462982178,1.5890522003,99,0.0000000000,2,1,210
2025-01-17 10:51:57.917602,0,1,0,0,0,1,1,0,0,0,0,1,1,2,0,0,4789,44189,2116,60,865366.0625000000,1,-2.3798780441,21.8462982178,1.5890522003,99,0.0000000000,2,1,210
2025-01-17 10:51:58.451253,0,1,0,0,0,1,1,0,0,0,0,1,1,2,0,0,4755,44189,2102,60,865397.1250000000,1,-2.3798780441,21.8462982178,1.5890522003,99,0.0000000000,2,1,210
2025-01-17 10:51:58.986771,0,1,0,0,0,1,1,0,0,0,0,1,1,2,0,0,4789,44189,2116,60,865428.8125000000,1,-2.3798780441,21.8462982178,1.5890522003,99,0.0000000000,2,1,210
2025-01-17 10:51:59.516784,0,1,0,0,0,1,1,0,0,0,0,1,1,2,0,0,4780,44189,2104,60,865459.9375000000,1,-2.3798780441,21.8462982178,1.5890522003,99,0.0000000000,2,1,210
2025-01-17 10:52:00.509570,0,1,0,0,0,1,1,0,0,0,0,1,1,2,0,0,4761,44189,2111,60,865490.9375000000,1,-2.3798780441,21.8436985016,1.5890522003,99,0.0000000000,2,1,210
2025-01-17 10:52:00.586787,0,1,0,0,0,1,1,0,0,0,0,1,1,2,0,0,4741,44189,2098,60,865522.5625000000,1,-2.3798780441,21.8462982178,1.5890522003,98,0.0000000000,2,1,210
2025-01-17 10:52:01.116779,0,1,0,0,0,1,1,0,0,0,0,1,1,2,0,0,4769,44189,2103,60,865553.6250000000,1,-2.3798780441,21.8462982178,1.5890522003,99,0.0000000000,2,1,210
2025-01-17 10:52:01.651200,0,1,0,0,0,1,1,0,0,0,0,1,1,2,0,0,4740,44189,2095,60,865584.5625000000,1,-2.3798780441,21.8462982178,1.5890522003,99,0.0000000000,2,1,210
2025-01-17 10:52:02.187337,0,1,0,0,0,1,1,0,0,0,0,1,1,2,0,0,4789,44189,2116,60,865616.2500000000,1,-2.3798780441,21.8462982178,1.5890522003,98,0.0000000000,2,1,210
2025-01-17 10:52:02.726761,0,1,0,0,0,1,1,0,0,0,0,1,1,2,0,0,4770,44189,2102,60,865647.8750000000,1,-2.3798780441,21.8462982178,1.5890522003,99,0.0000000000,2,1,210
2025-01-17 10:52:03.256798,0,1,0,0,0,1,1,0,0,0,0,1,1,2,0,0,4742,44189,2099,60,865678.3125000000,1,-2.3798780441,21.8462982178,1.5890522003,99,0.0000000000,2,1,210
2025-01-17 10:52:03.806783,0,1,0,0,0,1,1,0,0,0,0,1,1,2,0,0,4740,44189,2095,60,865711.0000000000,1,-2.3798780441,21.8462982178,1.5890522003,99,0.0000000000,2,1,210
2025-01-17 10:52:04.336838,0,1,0,0,0,1,1,0,0,0,0,1,1,2,0,0,4787,44189,2114,60,865742.0625000000,1,-2.3798780441,21.8462982178,1.5890522003,99,0.0000000000,2,1,210
2025-01-17 10:52:04.896768,0,1,0,0,0,1,1,0,0,0,0,1,1,2,0,0,4740,44189,2095,60,865774.7500000000,1,-2.3798780441,21.8462982178,1.5890522003,99,0.0000000000,2,1,210
2025-01-17 10:52:05.436776,0,1,0,0,0,1,1,0,0,0,0,1,1,2,0,0,4740,44189,2094,60,865806.3125000000,1,-2.3798780441,21.8436985016,1.5890522003,98,0.0000000000,2,1,210
2025-01-17 10:52:05.987292,0,1,0,0,0,1,1,0,0,0,0,1,1,2,0,0,4751,44189,2114,60,865838.4375000000,1,-2.3798780441,21.8462982178,1.5890522003,99,0.0000000000,2,1,210
2025-01-17 10:52:06.526791,0,1,0,0,0,1,1,0,0,0,0,1,1,2,0,0,4763,44189,2113,60,865870.0000000000,1,-2.3798780441,21.8449974060,1.5890522003,98,0.0000000000,2,1,210
2025-01-17 10:52:07.567720,0,1,0,0,0,1,1,0,0,0,0,1,1,2,0,0,4789,44189,2116,60,865900.3750000000,1,-2.3798780441,21.8449974060,1.5890522003,98,0.0000000000,2,1,210
2025-01-17 10:52:07.586749,0,1,0,0,0,1,1,0,0,0,0,1,1,2,0,0,4767,44189,2099,60,865932.0000000000,1,-2.3798780441,21.8449974060,1.5890522003,98,0.0000000000,2,1,210
2025-01-17 10:52:08.117311,0,1,0,0,0,1,1,0,0,0,0,1,1,2,0,0,4751,44189,2109,60,865963.0000000000,1,-2.3798780441,21.8449974060,1.5890522003,99,0.0000000000,2,1,210
2025-01-17 10:52:08.666763,0,1,0,0,0,1,1,0,0,0,0,1,1,2,0,0,4764,44189,2116,60,865995.1875000000,1,-2.3798780441,21.8449974060,1.5890522003,99,0.0000000000,2,1,210
2025-01-17 10:52:09.206775,0,1,0,0,0,1,1,0,0,0,0,1,1,2,0,0,4789,44189,2116,60,866026.8125000000,1,-2.3798780441,21.8449974060,1.5890522003,99,0.0000000000,2,1,210
2025-01-17 10:52:09.736753,0,1,0,0,0,1,1,0,0,0,0,1,1,2,0,0,4784,44189,2105,60,866057.8750000000,1,-2.3798780441,21.8449974060,1.5890522003,99,0.0000000000,2,1,210
2025-01-17 10:52:10.296759,0,1,0,0,0,1,1,0,0,0,0,1,1,2,0,0,4789,44189,2116,60,866090.6875000000,1,-2.3798780441,21.8449974060,1.5890522003,99,0.0000000000,2,1,210
2025-01-17 10:52:10.826735,0,1,0,0,0,1,1,0,0,0,0,1,1,2,0,0,4764,44189,2116,60,866121.8125000000,1,-2.3798780441,21.8449974060,1.5890522003,99,0.0000000000,2,1,210
2025-01-17 10:52:11.366783,0,1,0,0,0,1,1,0,0,0,0,1,1,2,0,0,4789,44189,2116,60,866153.5000000000,1,-2.3798780441,21.8462982178,1.5890522003,99,0.0000000000,2,1,210
2025-01-17 10:52:11.907328,0,1,0,0,0,1,1,0,0,0,0,1,1,2,0,0,4789,44189,2116,60,866185.2500000000,1,-2.3798780441,21.8462982178,1.5890522003,99,0.0000000000,2,1,210
2025-01-17 10:52:12.451229,0,1,0,0,0,1,1,0,0,0,0,1,1,2,0,0,4789,44189,2115,60,866216.8125000000,1,-2.3798780441,21.8462982178,1.5890522003,98,0.0000000000,2,1,210
2025-01-17 10:52:12.986780,0,1,0,0,0,1,1,0,0,0,0,1,1,2,0,0,4745,44189,2110,60,866248.5000000000,1,-2.3798780441,21.8462982178,1.5890522003,99,0.0000000000,2,1,210
2025-01-17 10:52:13.516784,0,1,0,0,0,1,1,0,0,0,0,1,1,2,0,0,4751,44189,2111,60,866279.5625000000,1,-2.3798780441,21.8462982178,1.5890522003,99,0.0000000000,2,1,210
2025-01-17 10:52:14.515520,0,1,0,0,0,1,1,0,0,0,0,1,1,2,0,0,4751,44189,2116,60,866310.6250000000,1,-2.3798780441,21.8462982178,1.5890522003,99,0.0000000000,2,1,210
2025-01-17 10:52:14.606771,0,1,0,0,0,1,1,0,0,0,0,1,1,2,0,0,4742,44189,2098,60,866343.3750000000,1,-2.3798780441,21.8436985016,1.5890522003,98,0.0000000000,2,1,210
2025-01-17 10:52:15.136755,0,1,0,0,0,1,1,0,0,0,0,1,1,2,0,0,4783,44189,2109,60,866374.3750000000,1,-2.3798780441,21.8436985016,1.5890522003,99,0.0000000000,2,1,210
2025-01-17 10:52:15.686753,0,1,0,0,0,1,1,0,0,0,0,1,1,2,0,0,4745,44189,2108,60,866406.6250000000,1,-2.3798780441,21.8436985016,1.5890522003,99,0.0000000000,2,1,210
2025-01-17 10:52:16.226753,0,1,0,0,0,1,1,0,0,0,0,1,1,2,0,0,4789,44189,2116,60,866438.3750000000,1,-2.3798780441,21.8449974060,1.5890522003,99,0.0000000000,2,1,210
2025-01-17 10:52:16.756842,0,1,0,0,0,1,1,0,0,0,0,1,1,2,0,0,4789,44189,2115,60,866468.8750000000,1,-2.3798780441,21.8449974060,1.5890522003,99,0.0000000000,2,1,210
2025-01-17 10:52:17.296726,0,1,0,0,0,1,1,0,0,0,0,1,1,2,0,0,4789,44189,2116,60,866501.1875000000,1,-2.3798780441,21.8449974060,1.5890522003,99,0.0000000000,2,1,210
2025-01-17 10:52:17.827349,0,1,0,0,0,1,1,0,0,0,0,1,1,2,0,0,4761,44189,2112,60,866532.2500000000,1,-2.3798780441,21.8449974060,1.5890522003,99,0.0000000000,2,1,210
2025-01-17 10:52:18.386754,0,1,0,0,0,1,1,0,0,0,0,1,1,2,0,0,4787,44189,2110,60,866565.0625000000,1,-2.3798780441,21.8449974060,1.5890522003,99,0.0000000000,2,1,210
2025-01-17 10:52:18.916778,0,1,0,0,0,1,1,0,0,0,0,1,1,2,0,0,4789,44189,2116,60,866596.0625000000,1,-2.3798780441,21.8449974060,1.5890522003,99,0.0000000000,2,1,210
2025-01-17 10:52:19.451174,0,1,0,0,0,1,1,0,0,0,0,1,1,2,0,0,4740,44189,2095,60,866627.1250000000,1,-2.3798780441,21.8449974060,1.5890522003,99,0.0000000000,2,1,210
2025-01-17 10:52:20.676900,0,1,0,0,0,1,1,0,0,0,0,1,1,2,0,0,4751,44189,2116,60,866659.8750000000,1,-2.3798780441,21.8449974060,1.5890522003,99,0.0000000000,2,1,210
2025-01-17 10:52:20.536757,0,1,0,0,0,1,1,0,0,0,0,1,1,2,0,0,4741,44189,2096,60,866690.8750000000,1,-2.3798780441,21.8449974060,1.5890522003,99,0.0000000000,2,1,210
2025-01-17 10:52:21.867840,0,1,0,0,0,1,1,0,0,0,0,1,1,2,0,0,4779,44189,2106,60,866722.8750000000,1,-2.3798780441,21.8449974060,1.5890522003,99,0.0000000000,2,1,210
2025-01-17 10:52:21.626774,0,1,0,0,0,1,1,0,0,0,0,1,1,2,0,0,4740,44189,2094,60,866754.4375000000,1,-2.3798780441,21.8449974060,1.5890522003,99,0.0000000000,2,1,210
2025-01-17 10:52:22.156769,0,1,0,0,0,1,1,0,0,0,0,1,1,2,0,0,4783,44189,2103,60,866784.7500000000,1,-2.3798780441,21.8449974060,1.5890522003,99,0.0000000000,2,1,210
2025-01-17 10:52:22.706743,0,1,0,0,0,1,1,0,0,0,0,1,1,2,0,0,4744,44189,2100,60,866817.4375000000,1,-2.3798780441,21.8449974060,1.5890522003,99,0.0000000000,2,1,210
2025-01-17 10:52:23.237332,0,1,0,0,0,1,1,0,0,0,0,1,1,2,0,0,4848,44127,2116,60,866848.3750000000,1,-2.3798780441,21.8449974060,1.5890522003,99,0.0000000000,2,1,210


2025-01-17 10:53:19.512370,0,1,0,0,0,1,1,0,0,0,0,1,1,2,0,0,4789,44119,2113,60,871027.5625000000,1,-5.1079769135,17.2592029572,-3.1071126461,100,0.0000000000,4,1,178
2025-01-17 10:53:19.586763,0,1,0,0,0,1,1,0,0,0,0,1,1,2,0,0,4741,44119,2094,60,871059.1875000000,1,-5.1079769135,17.2592029572,-3.1071126461,100,0.0000000000,4,1,178
2025-01-17 10:53:20.116775,0,1,0,0,0,1,1,0,0,0,0,1,1,2,0,0,4789,44119,2113,60,871090.1875000000,1,-5.1079769135,17.2592029572,-3.1071126461,100,0.0000000000,4,1,178
2025-01-17 10:53:20.651677,0,1,0,0,0,1,1,0,0,0,0,1,1,2,0,0,4786,44119,2106,60,871121.1250000000,1,-5.1079769135,17.2592029572,-3.1071126461,100,0.0000000000,4,1,178
2025-01-17 10:53:21.206775,0,1,0,0,0,1,1,0,0,0,0,1,1,2,0,0,4789,44119,2113,60,871153.9375000000,1,-5.1079769135,17.2592029572,-3.1071126461,100,0.0000000000,4,1,178
2025-01-17 10:53:21.736749,0,1,0,0,0,1,1,0,0,0,0,1,1,2,0,0,4748,44119,2103,60,871184.8750000000,1,-5.1079769135,17.2592029572,-3.1071126461,100,0.0000000000,4,1,178
2025-01-17 10:53:22.276782,0,1,0,0,0,1,1,0,0,0,0,1,1,2,0,0,4742,44119,2099,60,871216.4375000000,1,-5.1079769135,17.2592029572,-3.1071126461,100,0.0000000000,4,1,178
2025-01-17 10:53:22.816753,0,1,0,0,0,1,1,0,0,0,0,1,1,2,0,0,4742,44119,2099,60,871247.8750000000,1,-5.1079769135,17.2592029572,-3.1071126461,100,0.0000000000,4,1,178
2025-01-17 10:53:23.351258,0,1,0,0,0,1,1,0,0,0,0,1,1,2,0,0,4754,44119,2096,60,871278.8125000000,1,-5.1079769135,17.2592029572,-3.1071126461,100,0.0000000000,4,1,178
2025-01-17 10:53:23.886782,0,1,0,0,0,1,1,0,0,0,0,1,1,2,0,0,4779,44119,2100,60,871310.3750000000,1,-5.1079769135,17.2592029572,-3.1071126461,100,0.0000000000,4,1,178
2025-01-17 10:53:24.416772,0,1,0,0,0,1,1,0,0,0,0,1,1,2,0,0,4750,44119,2105,60,871341.4375000000,1,-5.1079769135,17.2592029572,-3.1071126461,100,0.0000000000,4,1,178
2025-01-17 10:53:24.951239,0,1,0,0,0,1,1,0,0,0,0,1,1,2,0,0,4741,44119,2093,60,871372.3750000000,1,-5.1079769135,17.2592029572,-3.1071126461,100,0.0000000000,4,1,178
2025-01-17 10:53:25.486787,0,1,0,0,0,1,1,0,0,0,0,1,1,2,0,0,4742,44119,2100,60,871403.8125000000,1,-5.1079769135,17.2592029572,-3.1071126461,100,0.0000000000,4,1,178
2025-01-17 10:53:26.167510,0,1,0,0,0,1,1,0,0,0,0,1,1,2,0,0,4748,44119,2103,60,871434.7500000000,1,-5.1079769135,17.2592029572,-3.1071126461,100,0.0000000000,4,1,178
2025-01-17 10:53:26.551251,0,1,0,0,0,1,1,0,0,0,0,1,1,2,0,0,4751,44119,2113,60,871465.7500000000,1,-5.1079769135,17.2592029572,-3.1071126461,100,0.0000000000,4,1,178
2025-01-17 10:53:27.869770,0,1,0,0,0,1,1,0,0,0,0,1,1,2,0,0,4789,44119,2111,60,871497.3125000000,1,-5.1079769135,17.2592029572,-3.1071126461,100,0.0000000000,4,1,178
2025-01-17 10:53:27.616791,0,1,0,0,0,1,1,0,0,0,0,1,1,2,0,0,4745,44119,2102,60,871528.3125000000,1,-5.1079769135,17.2592029572,-3.1071126461,100,0.0000000000,4,1,178
2025-01-17 10:53:28.151293,0,1,0,0,0,1,1,0,0,0,0,1,1,2,0,0,4740,44119,2092,60,871559.3125000000,1,-5.1079769135,17.2592029572,-3.1071126461,100,0.0000000000,4,1,178
2025-01-17 10:53:28.696793,0,1,0,0,0,1,1,0,0,0,0,1,1,2,0,0,4741,44119,2094,60,871591.4375000000,1,-5.1079769135,17.2592029572,-3.1071126461,100,0.0000000000,4,1,178
2025-01-17 10:53:29.236743,0,1,0,0,0,1,1,0,0,0,0,1,1,2,0,0,4789,44119,2113,60,871623.1250000000,1,-5.1079769135,17.2592029572,-3.1071126461,100,0.0000000000,4,1,178
2025-01-17 10:53:29.786748,0,1,0,0,0,1,1,0,0,0,0,1,1,2,0,0,4787,44119,2111,60,871655.3750000000,1,-5.1079769135,17.2592029572,-3.1071126461,100,0.0000000000,4,1,178
2025-01-17 10:53:30.316770,0,1,0,0,0,1,1,0,0,0,0,1,1,2,0,0,4770,44119,2102,60,871686.4375000000,1,-5.1079769135,17.2592029572,-3.1071126461,100,0.0000000000,4,1,178
2025-01-17 10:53:30.851185,0,1,0,0,0,1,1,0,0,0,0,1,1,2,0,0,4787,44119,2111,60,871717.4375000000,1,-5.1079769135,17.2592029572,-3.1071126461,100,0.0000000000,4,1,178
2025-01-17 10:53:31.386771,0,1,0,0,0,1,1,0,0,0,0,1,1,2,0,0,4763,44119,2110,60,871748.9375000000,1,-5.1079769135,17.2592029572,-3.1071126461,100,0.0000000000,4,1,178
2025-01-17 10:53:31.916758,0,1,0,0,0,1,1,0,0,0,0,1,1,2,0,0,4764,44119,2113,60,871779.8125000000,1,-5.1079769135,17.2592029572,-3.1071126461,100,0.0000000000,4,1,178
2025-01-17 10:53:32.451218,0,1,0,0,0,1,1,0,0,0,0,1,1,2,0,0,4764,44119,2113,60,871810.8125000000,1,-5.1079769135,17.2592029572,-3.1071126461,100,0.0000000000,4,1,178
2025-01-17 10:53:32.987236,0,1,0,0,0,1,1,0,0,0,0,1,1,2,0,0,4740,44119,2091,60,871842.3125000000,1,-5.1079769135,17.2592029572,-3.1071126461,100,0.0000000000,4,1,178
2025-01-17 10:53:33.516782,0,1,0,0,0,1,1,0,0,0,0,1,1,2,0,0,4761,44119,2107,60,871873.3125000000,1,-5.1079769135,17.2592029572,-3.1071126461,100,0.0000000000,4,1,178
2025-01-17 10:53:34.512620,0,1,0,0,0,1,1,0,0,0,0,1,1,2,0,0,4789,44119,2113,60,871904.3125000000,1,-5.1079769135,17.2592029572,-3.1071126461,100,0.0000000000,4,1,178
2025-01-17 10:53:34.587309,0,1,0,0,0,1,1,0,0,0,0,1,1,2,0,0,4741,44119,2094,60,871935.8125000000,1,-5.1079769135,17.2592029572,-3.1071126461,100,0.0000000000,4,1,178
2025-01-17 10:53:35.126744,0,1,0,0,0,1,1,0,0,0,0,1,1,2,0,0,4742,44119,2095,60,871967.1875000000,1,-5.1079769135,17.2592029572,-3.1071126461,100,0.0000000000,4,1,178
2025-01-17 10:53:35.656807,0,1,0,0,0,1,1,0,0,0,0,1,1,2,0,0,4787,44119,2111,60,871998.2500000000,1,-5.1079769135,17.2592029572,-3.1071126461,100,0.0000000000,4,1,178
2025-01-17 10:53:36.196819,0,1,0,0,0,1,1,0,0,0,0,1,1,2,0,0,4783,44119,2096,60,872029.5000000000,1,-5.1079769135,17.2592029572,-3.1071126461,100,0.0000000000,4,1,178
2025-01-17 10:53:36.727330,0,1,0,0,0,1,1,0,0,0,0,1,1,2,0,0,4789,44119,2113,60,872060.4375000000,1,-5.1066770554,17.2592029572,-3.1071126461,100,0.0000000000,4,1,178
2025-01-17 10:53:37.286786,0,1,0,0,0,1,1,0,0,0,0,1,1,2,0,0,4780,44119,2104,60,872093.3125000000,1,-5.1066770554,17.2592029572,-3.1071126461,99,0.0000000000,4,1,178
2025-01-17 10:53:37.816788,0,1,0,0,0,1,1,0,0,0,0,1,1,2,0,0,4789,44119,2113,60,872124.3125000000,1,-5.1066770554,17.2592029572,-3.1071126461,100,0.0000000000,4,1,178
2025-01-17 10:53:38.351288,0,1,0,0,0,1,1,0,0,0,0,1,1,2,0,0,4783,44119,2102,60,872155.3125000000,1,-5.1066770554,17.2592029572,-3.1071126461,100,0.0000000000,4,1,178
2025-01-17 10:53:38.906783,0,1,0,0,0,1,1,0,0,0,0,1,1,2,0,0,4789,44119,2113,60,872188.1875000000,1,-5.1066770554,17.2592029572,-3.1071126461,100,0.0000000000,4,1,178
2025-01-17 10:53:39.436764,0,1,0,0,0,1,1,0,0,0,0,1,1,2,0,0,4741,44119,2093,60,872219.2500000000,1,-5.1066770554,17.2592029572,-3.1071126461,100,0.0000000000,4,1,178
2025-01-17 10:53:39.986757,0,1,0,0,0,1,1,0,0,0,0,1,1,2,0,0,4740,44119,2091,60,872251.3750000000,1,-5.1066770554,17.2592029572,-3.1071126461,100,0.0000000000,4,1,178
2025-01-17 10:53:40.517335,0,1,0,0,0,1,1,0,0,0,0,1,1,2,0,0,4763,44119,2111,60,872282.3125000000,1,-5.1066770554,17.2592029572,-3.1071126461,100,0.0000000000,4,1,178
2025-01-17 10:53:41.567910,0,1,0,0,0,1,1,0,0,0,0,1,1,2,0,0,4789,44119,2113,60,872314.1875000000,1,-5.1066770554,17.2592029572,-3.1071126461,100,0.0000000000,4,1,178
2025-01-17 10:53:41.586762,0,1,0,0,0,1,1,0,0,0,0,1,1,2,0,0,4751,44119,2104,60,872344.8750000000,1,-5.1066770554,17.2592029572,-3.1071126461,100,0.0000000000,4,1,178
2025-01-17 10:53:42.116767,0,1,0,0,0,1,1,0,0,0,0,1,1,2,0,0,4745,44119,2099,60,872375.8125000000,1,-5.1066770554,17.2592029572,-3.1071126461,100,0.0000000000,4,1,178
2025-01-17 10:53:42.651316,0,1,0,0,0,1,1,0,0,0,0,1,1,2,0,0,4745,44119,2102,60,872406.8125000000,1,-5.1066770554,17.2592029572,-3.1071126461,100,0.0000000000,4,1,178
2025-01-17 10:53:43.187450,0,1,0,0,0,1,1,0,0,0,0,1,1,2,0,0,4764,44119,2113,60,872438.3750000000,1,-5.1066770554,17.2592029572,-3.1071126461,100,0.0000000000,4,1,178
2025-01-17 10:53:43.716786,0,1,0,0,0,1,1,0,0,0,0,1,1,2,0,0,4789,44119,2113,60,872469.3125000000,1,-5.1066770554,17.2592029572,-3.1071126461,100,0.0000000000,4,1,178

2025-01-17 10:54:24.316768,0,1,0,0,0,1,1,0,0,0,0,1,1,2,0,0,4764,44048,2109,60,875537.0625000000,1,-3.5001728535,21.8166637421,1.5961925983,100,0.0000000000,1,1,58
2025-01-17 10:54:24.851314,0,1,0,0,0,1,1,0,0,0,0,1,1,2,0,0,4789,44048,2109,60,875568.0625000000,1,-3.5001728535,21.8166637421,1.5961925983,100,0.0000000000,1,1,58
2025-01-17 10:54:25.396746,0,1,0,0,0,1,1,0,0,0,0,1,1,2,0,0,4789,44048,2109,60,875600.2500000000,1,-3.5001728535,21.8140640259,1.5961925983,100,0.0000000000,1,1,58
2025-01-17 10:54:25.936767,0,1,0,0,0,1,1,0,0,0,0,1,1,2,0,0,4789,44048,2109,60,875631.8750000000,1,-3.5001728535,21.8166637421,1.5961925983,100,0.0000000000,1,1,58
2025-01-17 10:54:26.486755,0,1,0,0,0,1,1,0,0,0,0,1,1,2,0,0,4789,44048,2109,60,875664.0625000000,1,-3.5001728535,21.8140640259,1.5961925983,100,0.0000000000,1,1,58
2025-01-17 10:54:27.167880,0,1,0,0,0,1,1,0,0,0,0,1,1,2,0,0,4789,44048,2109,60,875695.0625000000,1,-3.5001728535,21.8140640259,1.5961925983,100,0.0000000000,1,1,58
2025-01-17 10:54:27.551549,0,1,0,0,0,1,1,0,0,0,0,1,1,2,0,0,4777,44048,2100,60,875726.1250000000,1,-3.5001728535,21.8140640259,1.5961925983,100,0.0000000000,1,1,58
2025-01-17 10:54:28.106770,0,1,0,0,0,1,1,0,0,0,0,1,1,2,0,0,4789,44048,2109,60,875758.8750000000,1,-3.5001728535,21.8166637421,1.5961925983,100,0.0000000000,1,1,58
2025-01-17 10:54:28.636783,0,1,0,0,0,1,1,0,0,0,0,1,1,2,0,0,4764,44048,2109,60,875789.9375000000,1,-3.5001728535,21.8179645538,1.5961925983,100,0.0000000000,1,1,58
2025-01-17 10:54:29.186751,0,1,0,0,0,1,1,0,0,0,0,1,1,2,0,0,4751,44057,2105,60,875822.1250000000,1,-3.5001728535,21.8179645538,1.5961925983,100,0.0000000000,1,1,58
2025-01-17 10:54:29.726779,0,1,0,0,0,1,1,0,0,0,0,1,1,2,0,0,4789,44088,2110,60,875853.7500000000,1,-3.5001728535,21.8179645538,1.5961925983,100,0.0000000000,1,1,58
2025-01-17 10:54:30.256796,0,1,0,0,0,1,1,0,0,0,0,1,1,2,0,0,4789,44048,2109,60,875884.2500000000,1,-3.5001728535,21.8179645538,1.5961925983,100,0.0000000000,1,1,58
2025-01-17 10:54:30.806815,0,1,0,0,0,1,1,0,0,0,0,1,1,2,0,0,4769,44079,2100,60,875917.0000000000,1,-3.5001728535,21.8166637421,1.5961925983,100,0.0000000000,1,1,58
2025-01-17 10:54:31.336831,0,1,0,0,0,1,1,0,0,0,0,1,1,2,0,0,4789,44102,2109,60,875948.0000000000,1,-3.5001728535,21.8166637421,1.5961925983,100,0.0000000000,1,1,58
2025-01-17 10:54:31.886784,0,1,0,0,0,1,1,0,0,0,0,1,1,2,0,0,4789,44063,2111,60,875980.1875000000,1,-3.5001728535,21.8166637421,1.5961925983,100,0.0000000000,1,1,58
2025-01-17 10:54:32.416791,0,1,0,0,0,1,1,0,0,0,0,1,1,2,0,0,4745,44084,2096,60,876011.1875000000,1,-3.5001728535,21.8166637421,1.5961925983,100,0.0000000000,1,1,58
2025-01-17 10:54:32.951242,0,1,0,0,0,1,1,0,0,0,0,1,1,2,0,0,4766,44051,2090,60,876042.1250000000,1,-3.5001728535,21.8166637421,1.5961925983,100,0.0000000000,1,1,58
2025-01-17 10:54:33.516774,0,1,0,0,0,1,1,0,0,0,0,1,1,2,0,0,4786,44088,2105,60,876075.5000000000,1,-3.5001728535,21.8166637421,1.5961925983,100,0.0000000000,1,1,58
2025-01-17 10:54:34.512420,0,1,0,0,0,1,1,0,0,0,0,1,1,2,0,0,4789,44084,2109,60,876106.5625000000,1,-3.5001728535,21.8166637421,1.5961925983,100,0.0000000000,1,1,58
2025-01-17 10:54:34.586782,0,1,0,0,0,1,1,0,0,0,0,1,1,2,0,0,4764,44084,2113,60,876138.1875000000,1,-3.5001728535,21.8166637421,1.5961925983,100,0.0000000000,1,1,58
2025-01-17 10:54:35.117633,0,1,0,0,0,1,1,0,0,0,0,1,1,2,0,0,4764,44048,2109,60,876169.1250000000,1,-3.5001728535,21.8166637421,1.5961925983,100,0.0000000000,1,1,58
2025-01-17 10:54:35.651298,0,1,0,0,0,1,1,0,0,0,0,1,1,2,0,0,4789,44081,2112,60,876200.0000000000,1,-3.5001728535,21.8166637421,1.5961925983,100,0.0000000000,1,1,58
2025-01-17 10:54:36.186785,0,1,0,0,0,1,1,0,0,0,0,1,1,2,0,0,4789,44086,2110,60,876231.6250000000,1,-3.5001728535,21.8166637421,1.5961925983,100,0.0000000000,1,1,58
2025-01-17 10:54:36.716745,0,1,0,0,0,1,1,0,0,0,0,1,1,2,0,0,4789,44059,2111,60,876262.6250000000,1,-3.5001728535,21.8166637421,1.5961925983,100,0.0000000000,1,1,58
2025-01-17 10:54:37.251686,0,1,0,0,0,1,1,0,0,0,0,1,1,2,0,0,4789,44114,2112,60,876293.6875000000,1,-3.5001728535,21.8140640259,1.5961925983,100,0.0000000000,1,1,58
2025-01-17 10:54:37.796791,0,1,0,0,0,1,1,0,0,0,0,1,1,2,0,0,4740,44088,2090,60,876325.8125000000,1,-3.5001728535,21.8179645538,1.5961925983,100,0.0000000000,1,1,58
2025-01-17 10:54:38.326777,0,1,0,0,0,1,1,0,0,0,0,1,1,2,0,0,4789,44084,2111,60,876356.8125000000,1,-3.5001728535,21.8166637421,1.5961925983,100,0.0000000000,1,1,58
2025-01-17 10:54:38.856748,0,1,0,0,0,1,1,0,0,0,0,1,1,2,0,0,4789,44119,2113,60,876388.0625000000,1,-3.5001728535,21.8166637421,1.5961925983,100,0.0000000000,1,1,58
2025-01-17 10:54:39.387498,0,1,0,0,0,1,1,0,0,0,0,1,1,2,0,0,4789,44053,2111,60,876418.8750000000,1,-3.5001728535,21.8166637421,1.5961925983,100,0.0000000000,1,1,58
2025-01-17 10:54:39.916759,0,1,0,0,0,1,1,0,0,0,0,1,1,2,0,0,4786,44092,2108,60,876449.8750000000,1,-3.5001728535,21.8153648376,1.5961925983,100,0.0000000000,1,1,58
2025-01-17 10:54:40.451303,0,1,0,0,0,1,1,0,0,0,0,1,1,2,0,0,4780,44065,2096,60,876480.9375000000,1,-3.5001728535,21.8153648376,1.5961925983,100,0.0000000000,1,1,58
2025-01-17 10:54:40.986761,0,1,0,0,0,1,1,0,0,0,0,1,1,2,0,0,4767,44119,2095,60,876512.5000000000,1,-3.5001728535,21.8153648376,1.5961925983,100,0.0000000000,1,1,58
2025-01-17 10:54:41.516985,0,1,0,0,0,1,1,0,0,0,0,1,1,2,0,0,4751,44106,2108,60,876543.5000000000,1,-3.5001728535,21.8153648376,1.5961925983,100,0.0000000000,1,1,58
2025-01-17 10:54:42.512400,0,1,0,0,0,1,1,0,0,0,0,1,1,2,0,0,4779,44090,2091,60,876574.5625000000,1,-3.5001728535,21.8166637421,1.5961925983,100,0.0000000000,1,1,58
2025-01-17 10:54:42.586786,0,1,0,0,0,1,1,0,0,0,0,1,1,2,0,0,4789,44065,2113,60,876606.1875000000,1,-3.5001728535,21.8166637421,1.5961925983,100,0.0000000000,1,1,58
2025-01-17 10:54:43.116718,0,1,0,0,0,1,1,0,0,0,0,1,1,2,0,0,4779,44065,2098,60,876637.1875000000,1,-3.5001728535,21.8166637421,1.5961925983,100,0.0000000000,1,1,58
2025-01-17 10:54:43.651242,0,1,0,0,0,1,1,0,0,0,0,1,1,2,0,0,4787,44119,2110,60,876668.1875000000,1,-3.5001728535,21.8166637421,1.5961925983,100,0.0000000000,1,1,58
2025-01-17 10:54:44.186795,0,1,0,0,0,1,1,0,0,0,0,1,1,2,0,0,4789,44119,2113,60,876699.8750000000,1,-3.5001728535,21.8166637421,1.5961925983,100,0.0000000000,1,1,58
2025-01-17 10:54:44.716752,0,1,0,0,0,1,1,0,0,0,0,1,1,2,0,0,4763,44119,2111,60,876730.9375000000,1,-3.5001728535,21.8127632141,1.5961925983,100,0.0000000000,1,1,58
2025-01-17 10:54:45.251203,0,1,0,0,0,1,1,0,0,0,0,1,1,2,0,0,4789,44119,2113,60,876761.9375000000,1,-3.5001728535,21.8166637421,1.5961925983,100,0.0000000000,1,1,58
2025-01-17 10:54:45.806778,0,1,0,0,0,1,1,0,0,0,0,1,1,2,0,0,4789,44119,2111,60,876794.7500000000,1,-3.5001728535,21.8166637421,1.5961925983,100,0.0000000000,1,1,58
2025-01-17 10:54:46.336761,0,1,0,0,0,1,1,0,0,0,0,1,1,2,0,0,4780,44057,2102,60,876825.8125000000,1,-3.5001728535,21.8166637421,1.5961925983,100,0.0000000000,1,1,58
2025-01-17 10:54:46.876787,0,1,0,0,0,1,1,0,0,0,0,1,1,2,0,0,4784,44065,2103,60,876857.4375000000,1,-3.5001728535,21.8166637421,1.5961925983,100,0.0000000000,1,1,58
2025-01-17 10:54:47.416779,0,1,0,0,0,1,1,0,0,0,0,1,1,2,0,0,4780,44119,2100,60,876889.0625000000,1,-3.5001728535,21.8166637421,1.5961925983,100,0.0000000000,1,1,58
2025-01-17 10:54:47.951337,0,1,0,0,0,1,1,0,0,0,0,1,1,2,0,0,4770,44119,2100,60,876920.0625000000,1,-3.5001728535,21.8166637421,1.5961925983,100,0.0000000000,1,1,58
2025-01-17 10:54:48.486737,0,1,0,0,0,1,1,0,0,0,0,1,1,2,0,0,4740,44119,2091,60,876951.6250000000,1,-3.5001728535,21.8140640259,1.5961925983,100,0.0000000000,1,1,58
2025-01-17 10:54:49.167920,0,1,0,0,0,1,1,0,0,0,0,1,1,2,0,0,4744,44119,2103,60,876982.4375000000,1,-3.5001728535,21.8140640259,1.5961925983,100,0.0000000000,1,1,58

