Time stamp,Manual Mode active,Automatic Mode active,Docking Mode active,PLC fault active,PLC warning Active,Safety circuit closed,LED Active,LED RGB Strip left - red,LED RGB Strip right - red,LED RGB Strip left - green,LED RGB Strip right - green,LED RGB Strip left - blue,LED RGB Strip right - blue,LED status - active mode,ActualSpeed_L,ActualSpeed_R,Momentary current consumption mA,Battery cell voltage,Momentary energy consumption mWh,State Of Charge,Total energy consumption uWh,On route status,X-coordinate,Y-coordinate,Heading,Position confidence,Speed,Going to ID,Target reached,Current segment

2025-01-17 08:00:49.726765,0,1,0,0,0,1,1,1,1,1,1,0,0,3,53,150,5924,48763,2889,80,123451.8671875000,1,-2.3899025917,1.6758687496,0.1008295566,97,0.1012509093,2,0,262
2025-01-17 08:00:50.256765,0,1,0,0,0,1,1,0,0,0,0,1,1,3,23,150,5726,48763,2791,80,123492.6562500000,1,-2.3460373878,1.6910576820,0.1861513555,93,0.0863610804,2,0,262
2025-01-17 08:00:50.786749,0,1,0,0,0,1,1,1,1,1,1,0,0,3,26,150,5922,48763,2876,80,123535.3515625000,1,-2.3173840046,1.7005295753,0.2859931290,85,0.0876373500,2,0,262
2025-01-17 08:00:51.317160,0,1,0,0,0,1,1,1,1,1,1,0,0,3,26,150,5728,48763,2793,80,123576.7343750000,1,-2.2677516937,1.7227669954,0.4448954165,85,0.0876373500,2,0,262
2025-01-17 08:00:51.851223,0,1,0,0,0,1,1,0,0,0,0,1,1,3,26,150,5924,48763,2889,80,123618.8515625000,1,-2.2356297970,1.7387770414,0.5453788042,86,0.0880627707,2,0,262
2025-01-17 08:00:52.386783,0,1,0,0,0,1,1,1,1,1,1,0,0,3,31,150,5807,48763,2808,80,123660.8906250000,1,-2.2014186382,1.7640372515,0.6490334868,89,0.0901898965,2,0,262
2025-01-17 08:00:52.916749,0,1,0,0,0,1,1,0,0,0,0,1,1,3,32,150,5744,48763,2825,80,123703.2343750000,1,-2.1706974506,1.7892850637,0.7491638064,92,0.0910407454,2,0,262
2025-01-17 08:00:53.450947,0,1,0,0,0,1,1,1,1,1,1,0,0,3,39,150,5884,48763,2878,80,123744.4843750000,1,-2.1422390938,1.8197441101,0.8480228186,93,0.0944441259,2,0,262
2025-01-17 08:00:53.996776,0,1,0,0,0,1,1,0,0,0,0,1,1,3,52,150,5728,48763,2794,80,123788.3593750000,1,-2.1108932495,1.8629002571,0.9726829529,88,0.1008254886,2,0,262
2025-01-17 08:00:54.526755,0,1,0,0,0,1,1,1,1,1,1,0,0,3,59,150,5924,48761,2888,80,123829.8046875000,1,-2.0796310902,1.9124428034,1.0587842464,89,0.1042288840,2,0,262
2025-01-17 08:00:55.776140,0,1,0,0,0,1,1,0,0,0,0,1,1,3,71,150,5747,48763,2799,80,123873.5156250000,1,-2.0545911789,1.9695172310,1.1636378765,93,0.1106102467,2,0,266
2025-01-17 08:00:55.606760,0,1,0,0,0,1,1,1,1,1,1,0,0,3,81,150,5926,48763,2892,80,123915.2109375000,1,-2.0319685936,2.0200827122,1.2270945311,93,0.1152899042,2,0,266

2025-01-17 10:52:55.416768,0,1,0,0,0,1,0,0,0,0,0,0,0,1,116,147,5880,43906,2589,59,869274.0000000000,1,-2.7808902264,18.0945987701,3.1349325180,93,0.1314560175,4,0,190
2025-01-17 10:52:55.951196,0,1,0,0,0,1,1,0,0,0,0,1,1,1,125,150,6069,43836,2657,59,869312.0000000000,1,-2.8494060040,18.0852584839,-3.1270375252,93,0.1374119669,4,0,194
2025-01-17 10:52:56.496759,0,1,0,0,0,1,0,0,0,0,0,0,0,1,138,150,5875,43894,2577,59,869352.5000000000,1,-2.9470696449,18.0837726593,-3.1048071384,95,0.1437933147,4,0,194
2025-01-17 10:52:57.267800,0,1,0,0,0,1,1,0,0,0,0,1,1,3,82,140,6023,43836,2640,59,869390.8125000000,1,-3.0034513474,18.0813121796,-3.0800552368,95,0.1106102318,4,0,194
2025-01-17 10:52:57.576782,0,1,0,0,0,1,1,1,1,1,1,0,0,3,70,150,6196,43836,2725,59,869431.5000000000,1,-3.0556640625,18.0766143799,-3.0265915394,93,0.1097593978,4,0,184
2025-01-17 10:52:58.107601,0,1,0,0,0,1,1,0,0,0,0,1,1,3,57,150,6023,43836,2639,59,869471.0000000000,1,-3.1098339558,18.0495929718,-2.9269144535,79,0.1033780351,4,0,184
2025-01-17 10:52:58.636787,0,1,0,0,0,1,1,1,1,1,1,0,0,3,50,150,6172,43836,2706,59,869510.2500000000,1,-3.1562948227,18.0377597809,-2.8450822830,72,0.0999746397,4,0,184
2025-01-17 10:52:59.176758,0,1,0,0,0,1,1,0,0,0,0,1,1,3,33,150,5974,43836,2619,59,869550.1250000000,1,-3.1937389374,18.0211162567,-2.7568688393,74,0.0914661586,4,0,184
2025-01-17 10:52:59.706768,0,1,0,0,0,1,1,1,1,1,1,0,0,3,26,150,6172,43836,2706,59,869589.4375000000,1,-3.2149155140,18.0002956390,-2.6596162319,69,0.0880627707,4,0,184
2025-01-17 10:53:00.236765,0,1,0,0,0,1,1,0,0,0,0,1,1,3,14,150,5974,43873,2619,59,869628.4375000000,1,-3.2537100315,17.9666538239,-2.4994485378,62,0.0821068361,4,0,184
2025-01-17 10:53:00.786780,0,1,0,0,0,1,1,1,1,1,1,0,0,3,0,150,6172,43836,2706,59,869669.3125000000,1,-3.2834367752,17.9194202423,-2.3888592720,48,0.0748746246,4,0,184
2025-01-17 10:53:01.316778,0,1,0,0,0,1,1,1,1,1,1,0,0,3,-10,150,5974,43836,2619,59,869708.1250000000,1,-3.2993490696,17.8974552155,-2.2703621387,44,0.0697695389,4,0,184
2025-01-17 10:53:01.851192,0,1,0,0,0,1,1,0,0,0,0,1,1,3,-11,150,6172,43836,2706,59,869747.7500000000,1,-3.3156824112,17.8631725311,-2.1350238323,41,0.0693441182,4,0,180
2025-01-17 10:53:02.387229,0,1,0,0,0,1,1,1,1,1,1,0,0,3,0,150,6036,43836,2624,59,869787.1875000000,1,-3.3575475216,17.8596611023,-1.9092754126,77,0.0748746246,4,0,180
2025-01-17 10:53:02.916766,0,1,0,0,0,1,1,0,0,0,0,1,1,3,13,150,5994,43836,2662,59,869826.9375000000,1,-3.3650643826,17.8319911957,-1.7837585211,90,0.0812559873,4,0,180
2025-01-17 10:53:03.451166,0,1,0,0,0,1,1,1,1,1,1,0,0,3,26,150,6169,43836,2701,59,869865.5625000000,1,-3.3714838028,17.7958507538,-1.6731810570,95,0.0876373500,4,0,180
2025-01-17 10:53:03.986747,0,1,0,0,0,1,1,0,0,0,0,1,1,3,41,150,6023,43836,2640,59,869906.1250000000,1,-3.3725309372,17.7547225952,-1.5781507492,96,0.0952949747,4,0,180

2025-01-17 10:53:59.756799,0,1,0,0,0,1,0,0,0,0,0,0,0,1,239,249,5926,43836,2598,59,873662.0625000000,1,-3.9385437965,17.2832317352,0.0214579701,94,0.2441933751,1,0,172
2025-01-17 10:54:00.287310,0,1,0,0,0,1,1,0,0,0,0,1,1,3,105,152,6023,43836,2640,59,873701.4375000000,1,-3.8576869965,17.2881050110,0.0424971208,95,0.1284780502,1,0,168
2025-01-17 10:54:00.826759,0,1,0,0,0,1,1,0,0,0,0,1,1,3,62,150,6218,43768,2718,58,873742.0000000000,1,-3.7742252350,17.2945423126,0.1325957775,93,0.1059305817,1,0,168
2025-01-17 10:54:01.356750,0,1,0,0,0,1,1,1,1,1,1,0,0,3,54,150,5974,43836,2619,59,873781.1250000000,1,-3.7241110802,17.3022651672,0.2020609975,91,0.1021017656,1,0,168
2025-01-17 10:54:01.886791,0,1,0,0,0,1,1,0,0,0,0,1,1,3,41,150,6056,43836,2691,59,873820.5000000000,1,-3.6772496700,17.3180618286,0.2824731767,80,0.0952949747,1,0,168
2025-01-17 10:54:02.416768,0,1,0,0,0,1,1,1,1,1,1,0,0,3,37,150,6156,43766,2672,58,873859.1250000000,1,-3.6465642452,17.3326187134,0.3843649328,84,0.0931678563,1,0,168
2025-01-17 10:54:02.951302,0,1,0,0,0,1,1,0,0,0,0,1,1,3,22,150,5975,43836,2622,59,873898.8125000000,1,-3.6046426296,17.3631057739,0.5259398818,77,0.0859356523,1,0,168
2025-01-17 10:54:03.486764,0,1,0,0,0,1,1,1,1,1,1,0,0,3,26,150,6172,43766,2701,58,873938.3125000000,1,-3.5919446945,17.3866748810,0.6267564297,66,0.0880627707,1,0,168
2025-01-17 10:54:04.167640,0,1,0,0,0,1,1,0,0,0,0,1,1,3,16,150,5974,43836,2619,59,873977.8750000000,1,-3.5511188507,17.4085884094,0.7376314402,74,0.0829576850,1,0,168
2025-01-17 10:54:04.551240,0,1,0,0,0,1,1,1,1,1,1,0,0,3,11,150,6172,43820,2703,59,874016.6875000000,1,-3.5307929516,17.4351482391,0.8550782204,72,0.0804051384,1,0,168
2025-01-17 10:54:05.967360,0,1,0,0,0,1,1,0,0,0,0,1,1,3,0,150,5974,43836,2619,59,874057.5625000000,1,-3.4938137531,17.4782276154,1.0348044634,78,0.0748746246,1,0,164
2025-01-17 10:54:05.626774,0,1,0,0,0,1,1,1,1,1,1,0,0,3,15,150,6172,43783,2704,58,874096.6250000000,1,-3.4870166779,17.5061931610,1.1558312178,71,0.0825322568,1,0,164
2025-01-17 10:54:06.156785,0,1,0,0,0,1,1,0,0,0,0,1,1,3,17,150,5974,43836,2619,59,874135.0625000000,1,-3.4673583508,17.5408344269,1.2623448372,82,0.0833831057,1,0,164
2025-01-17 10:54:06.686765,0,1,0,0,0,1,1,1,1,1,1,0,0,3,27,150,6172,43768,2702,58,874175.0000000000,1,-3.4557001591,17.5769062042,1.3745189905,88,0.0884881988,1,0,164
2025-01-17 10:54:07.226761,0,1,0,0,0,1,1,0,0,0,0,1,1,3,51,150,6023,43836,2640,59,874215.0000000000,1,-3.4524435997,17.6377429962,1.5163606405,91,0.1004000679,1,0,164
2025-01-17 10:54:07.766800,0,1,0,0,0,1,1,1,1,1,1,0,0,3,129,213,6576,43698,2842,58,874256.0000000000,1,-3.4551677704,17.6825447083,1.5925740004,84,0.1710204482,1,0,164

